1
3
12
60
9
31 14 27 64 55 32 9 30 24 41 16 31 24 68 64 21 24 26 10 68 46 13 12 41 52 7 32 33 63 10 21 22 28 11 57 27 36 8 40 11 23 19 30 18 29 20 31 21 53 61 26 22 24 29 59 44 15 12 48 56
21 6 22 62 56 36 8 25 21 47 9 34 21 67 73 27 21 28 6 65 58 9 15 43 54 6 20 30 71 12 24 20 23 14 44 30 27 16 50 9 37 8 39 11 22 26 29 33 54 65 28 29 33 20 58 52 13 6 40 44
 3 2 1 1 1 3 1 3 2 1 2 2 2 3 3 2 3 1 1 2 3 2 3 2 1 2 1 1 1 3 1 2 3 1 2 1 1 3 1 2 3 1 3 2 1 3 3 1 2 2 2 2 1 2 2 2 1 3 2 

1 2 3 4 5 
6 7 8 9 10 
11 12 13 14 15 
16 17 18 19 20 
21 22 23 24 25 
26 27 28 29 30 
31 32 33 34 35 
36 37 38 39 40 
41 42 43 44 45 
46 47 48 49 50 
51 52 53 54 55 
56 57 58 59 60 

1 2 3 4 
5 6 7 8 
9 10 11 12 

1 2 3 

51 15
21 4
21 18
22 8
22 9
29 19
29 5
35 29
35 5
