1
3
12
60
3
18 20 21 15 26 19 22 24 20 15 15 22 18 21 24 23 20 18 22 17 18 18 23 24 17 19 15 19 15 32 23 23 15 21 18 20 17 18 24 21 23 17 18 20 22 19 21 20 15 25 19 21 17 24 19 15 23 23 22 17
13 34 39 18 36 8 38 32 31 14 12 24 6 37 31 25 26 14 37 17 19 11 36 34 10 16 14 8 14 33 39 25 9 38 16 30 11 14 26 38 20 8 19 38 36 11 32 29 18 26 7 39 17 33 19 10 39 26 35 9
 3 2 2 1 2 1 3 1 3 1 3 3 1 2 1 2 3 1 3 3 1 1 1 3 3 1 3 1 2 3 2 3 1 3 1 1 3 1 2 3 1 1 3 1 3 3 2 1 1 2 3 3 2 3 2 2 3 1 2 

1 2 3 4 5 
6 7 8 9 10 
11 12 13 14 15 
16 17 18 19 20 
21 22 23 24 25 
26 27 28 29 30 
31 32 33 34 35 
36 37 38 39 40 
41 42 43 44 45 
46 47 48 49 50 
51 52 53 54 55 
56 57 58 59 60 

1 2 3 4 
5 6 7 8 
9 10 11 12 

1 2 3 

48 20
10 2
10 5
