1
3
12
60
3
16 20 19 16 29 17 21 15 15 32 20 22 21 16 21 20 18 16 20 26 24 21 16 19 20 22 19 23 15 21 20 18 18 21 23 18 23 16 16 27 17 23 16 23 21 15 23 17 18 27 18 22 24 21 15 18 16 22 21 23
9 31 6 5 26 11 30 15 11 26 32 22 24 19 20 31 16 13 21 21 37 32 12 13 23 36 16 26 9 32 26 11 8 21 39 11 21 11 10 23 11 30 19 22 37 8 30 7 11 33 5 31 36 29 10 17 11 31 34 26
 2 1 3 1 3 1 2 1 3 3 2 3 3 3 3 1 3 1 1 1 1 3 2 3 1 3 1 3 3 3 1 1 3 1 3 2 1 2 3 2 1 1 1 1 2 1 2 2 3 2 2 2 3 2 2 3 3 3 2 

1 2 3 4 5 
6 7 8 9 10 
11 12 13 14 15 
16 17 18 19 20 
21 22 23 24 25 
26 27 28 29 30 
31 32 33 34 35 
36 37 38 39 40 
41 42 43 44 45 
46 47 48 49 50 
51 52 53 54 55 
56 57 58 59 60 

1 2 3 4 
5 6 7 8 
9 10 11 12 

1 2 3 

35 13
38 24
38 17
