1
3
12
60
3
14 43 15 67 46 19 29 23 24 57 22 13 37 64 27 12 46 14 54 32 19 39 13 64 38 29 10 33 39 48 29 16 27 30 22 30 13 29 62 54 25 9 38 35 26 18 28 25 50 52 21 25 25 51 25 13 18 40 54 47
13 44 17 69 56 7 27 30 20 46 21 7 38 78 39 8 51 5 59 26 8 28 12 65 31 28 15 29 29 45 27 7 29 39 39 26 14 20 70 58 25 10 34 32 36 7 38 33 51 44 21 27 39 53 27 19 14 54 55 49
 3 1 3 2 1 2 3 1 1 3 3 2 2 3 2 3 3 3 3 2 2 1 1 2 3 2 1 1 3 3 1 3 3 3 1 2 2 1 3 2 2 2 1 1 3 1 2 1 3 1 1 3 3 3 3 1 3 2 3 

1 2 3 4 5 
6 7 8 9 10 
11 12 13 14 15 
16 17 18 19 20 
21 22 23 24 25 
26 27 28 29 30 
31 32 33 34 35 
36 37 38 39 40 
41 42 43 44 45 
46 47 48 49 50 
51 52 53 54 55 
56 57 58 59 60 

1 2 3 4 
5 6 7 8 
9 10 11 12 

1 2 3 

57 26
51 27
51 1
