1
3
12
60
3
23 24 22 24 7 19 22 24 19 16 17 17 20 24 22 15 15 24 15 31 15 24 20 21 20 18 20 18 15 29 22 24 24 19 11 19 17 17 15 32 24 23 19 21 13 23 17 16 24 20 18 24 22 22 14 18 23 23 19 17
37 21 23 30 7 13 23 36 13 17 9 16 25 22 35 16 12 36 13 33 17 36 35 31 27 12 20 16 12 27 22 25 27 13 19 11 6 6 17 31 21 29 13 37 11 32 18 15 32 30 11 27 35 34 15 9 21 37 13 11
 1 2 2 3 2 3 1 2 3 2 1 3 2 3 2 3 2 3 2 2 2 1 1 3 3 1 3 3 3 2 1 3 1 3 2 3 1 1 3 2 1 1 1 2 1 1 1 3 2 1 1 2 1 1 1 1 1 2 3 

1 2 3 4 5 
6 7 8 9 10 
11 12 13 14 15 
16 17 18 19 20 
21 22 23 24 25 
26 27 28 29 30 
31 32 33 34 35 
36 37 38 39 40 
41 42 43 44 45 
46 47 48 49 50 
51 52 53 54 55 
56 57 58 59 60 

1 2 3 4 
5 6 7 8 
9 10 11 12 

1 2 3 

44 30
22 11
22 17
