1
3
12
60
6
16 21 19 18 26 15 19 21 15 30 16 15 15 20 34 17 22 15 24 22 16 21 19 24 20 20 22 24 21 13 23 20 19 17 21 16 24 18 15 27 20 16 17 19 28 18 22 18 20 22 16 15 17 20 32 23 19 20 18 20
7 29 17 17 31 10 13 28 6 29 19 11 6 22 35 11 38 7 25 30 5 28 11 24 36 28 28 25 33 12 32 29 16 12 33 19 22 18 18 27 23 6 10 6 31 13 20 13 30 32 11 6 6 27 30 27 13 37 5 24
 2 2 2 2 3 2 2 3 3 3 1 1 2 2 3 2 1 2 2 1 1 3 3 2 1 2 3 1 1 2 3 2 3 2 3 3 2 3 1 1 2 1 2 3 2 2 3 2 3 1 3 3 3 1 3 3 3 2 3 

1 2 3 4 5 
6 7 8 9 10 
11 12 13 14 15 
16 17 18 19 20 
21 22 23 24 25 
26 27 28 29 30 
31 32 33 34 35 
36 37 38 39 40 
41 42 43 44 45 
46 47 48 49 50 
51 52 53 54 55 
56 57 58 59 60 

1 2 3 4 
5 6 7 8 
9 10 11 12 

1 2 3 

27 24
34 15
38 22
48 7
53 48
53 19
