1
3
12
60
6
23 23 25 66 39 26 21 24 38 26 16 34 22 57 39 29 29 14 63 21 23 20 28 52 44 26 31 15 27 28 29 20 23 63 15 29 19 23 10 66 25 28 19 33 15 24 36 11 39 51 31 11 30 57 40 22 15 35 19 52
38 33 20 76 34 33 28 23 32 22 12 26 32 44 28 39 23 16 65 21 39 31 37 55 40 34 29 6 35 26 33 24 38 66 6 31 17 20 8 76 21 36 6 39 12 24 23 11 33 42 23 18 34 47 47 29 13 28 13 52
 1 1 1 3 3 1 2 1 3 1 3 3 2 1 2 2 2 3 2 1 2 1 2 1 2 3 1 1 2 1 1 2 3 2 3 1 3 3 2 3 2 2 2 2 1 3 2 3 3 1 2 1 2 2 3 2 1 2 2 

1 2 3 4 5 
6 7 8 9 10 
11 12 13 14 15 
16 17 18 19 20 
21 22 23 24 25 
26 27 28 29 30 
31 32 33 34 35 
36 37 38 39 40 
41 42 43 44 45 
46 47 48 49 50 
51 52 53 54 55 
56 57 58 59 60 

1 2 3 4 
5 6 7 8 
9 10 11 12 

1 2 3 

7 1
21 3
28 14
59 13
11 9
11 8
