1
3
12
60
0
20 17 34 11 69 35 14 23 27 26 19 29 23 35 43 26 19 26 60 11 15 37 20 11 19 42 12 17 55 39 16 24 32 41 20 24 26 22 57 25 19 24 29 45 19 21 26 25 45 51 26 27 18 59 13 22 38 12 69 48
22 12 28 10 67 35 14 28 36 25 9 33 28 20 58 32 6 23 67 18 16 27 30 7 16 44 18 9 41 22 5 35 32 42 38 21 30 30 56 38 12 30 20 59 13 23 22 35 55 52 23 29 16 42 17 37 39 9 76 42
 2 1 1 3 1 3 2 1 1 1 2 2 1 1 3 3 1 3 1 3 1 3 2 1 1 1 2 3 3 2 2 3 2 3 3 3 2 1 1 3 2 2 2 2 2 2 3 1 1 3 1 2 3 3 2 1 3 3 3 

1 2 3 4 5 
6 7 8 9 10 
11 12 13 14 15 
16 17 18 19 20 
21 22 23 24 25 
26 27 28 29 30 
31 32 33 34 35 
36 37 38 39 40 
41 42 43 44 45 
46 47 48 49 50 
51 52 53 54 55 
56 57 58 59 60 

1 2 3 4 
5 6 7 8 
9 10 11 12 

1 2 3 

