1
3
12
60
9
16 20 22 23 19 23 22 20 22 13 20 17 16 19 28 19 19 16 16 30 18 22 16 15 29 17 24 22 17 20 16 19 18 19 28 18 24 23 15 20 22 19 20 16 23 18 21 18 21 22 18 20 15 15 32 16 18 20 19 27
13 27 28 20 5 31 36 31 33 11 30 17 9 16 24 10 13 10 10 22 8 26 8 11 24 10 21 38 17 30 13 9 9 5 27 11 30 31 17 20 32 13 28 8 23 14 23 14 31 38 11 28 12 18 28 16 12 26 18 39
 1 2 1 1 1 2 3 2 2 2 1 3 3 1 2 3 2 2 2 2 3 1 3 2 1 2 1 2 2 2 1 2 2 1 1 1 2 2 3 2 1 2 1 2 1 1 3 1 3 2 1 1 1 2 1 1 1 3 3 

1 2 3 4 5 
6 7 8 9 10 
11 12 13 14 15 
16 17 18 19 20 
21 22 23 24 25 
26 27 28 29 30 
31 32 33 34 35 
36 37 38 39 40 
41 42 43 44 45 
46 47 48 49 50 
51 52 53 54 55 
56 57 58 59 60 

1 2 3 4 
5 6 7 8 
9 10 11 12 

1 2 3 

37 25
6 1
6 5
19 15
19 1
33 12
33 27
53 12
53 15
