1
3
12
60
6
11 28 32 35 16 34 26 13 55 61 11 41 20 17 25 18 36 18 15 27 34 12 26 19 40 30 23 19 58 18 8 19 45 40 26 29 30 13 65 41 18 20 33 33 15 36 6 29 30 10 31 17 24 66 66 18 25 29 24 15
7 32 28 35 8 25 23 19 56 71 15 58 37 8 27 15 36 16 17 30 29 8 25 15 58 26 21 13 47 5 17 5 45 41 20 35 33 12 67 56 11 26 37 24 8 27 12 27 37 19 37 8 32 71 75 19 29 20 23 6
 2 2 1 2 1 2 3 2 3 2 1 3 3 3 1 1 1 3 1 1 3 3 3 2 2 3 2 1 2 3 2 3 2 3 3 1 3 3 3 2 3 1 2 1 1 1 2 3 1 1 3 1 2 3 2 2 1 1 1 

1 2 3 4 5 
6 7 8 9 10 
11 12 13 14 15 
16 17 18 19 20 
21 22 23 24 25 
26 27 28 29 30 
31 32 33 34 35 
36 37 38 39 40 
41 42 43 44 45 
46 47 48 49 50 
51 52 53 54 55 
56 57 58 59 60 

1 2 3 4 
5 6 7 8 
9 10 11 12 

1 2 3 

19 10
22 12
26 11
60 34
23 1
23 14
