1
3
12
60
0
34 18 20 45 57 24 30 18 47 43 27 25 19 34 59 23 21 29 47 27 15 43 15 66 44 23 12 37 60 60 27 20 24 32 49 21 24 26 29 29 26 16 30 21 22 19 27 26 34 19 16 16 41 16 25 16 22 33 31 64
29 10 36 59 40 31 21 11 48 54 32 38 15 28 45 22 24 38 49 37 14 50 10 72 50 32 11 29 70 77 22 33 23 24 52 23 38 24 20 35 36 10 26 31 20 11 20 38 22 9 10 13 54 19 29 19 33 36 20 78
 1 1 3 3 1 2 3 3 2 2 3 1 1 1 3 3 1 3 3 2 3 3 2 2 3 2 3 3 2 2 3 2 3 2 2 1 2 1 1 1 2 3 3 2 1 2 2 3 1 2 2 3 2 2 2 3 2 2 2 

1 2 3 4 5 
6 7 8 9 10 
11 12 13 14 15 
16 17 18 19 20 
21 22 23 24 25 
26 27 28 29 30 
31 32 33 34 35 
36 37 38 39 40 
41 42 43 44 45 
46 47 48 49 50 
51 52 53 54 55 
56 57 58 59 60 

1 2 3 4 
5 6 7 8 
9 10 11 12 

1 2 3 

