1
3
12
60
3
19 23 23 23 12 17 20 21 15 27 15 17 18 15 35 22 15 24 20 19 18 19 20 24 19 20 18 17 15 30 21 21 17 16 25 15 15 19 20 31 17 15 22 15 31 17 18 21 24 20 16 18 16 23 27 23 17 15 19 26
8 32 26 29 16 14 27 34 13 28 6 14 14 5 27 32 10 25 39 16 10 6 20 35 16 39 19 15 12 31 27 28 8 17 33 19 15 11 26 22 10 10 27 7 32 14 18 26 21 39 14 9 7 22 38 36 8 13 16 22
 2 1 1 2 1 1 3 2 1 2 1 3 2 3 2 2 2 3 2 1 2 3 3 3 2 2 2 3 3 3 3 1 1 3 1 3 2 1 1 1 3 2 1 2 3 2 2 3 2 3 1 3 2 1 2 1 3 3 1 

1 2 3 4 5 
6 7 8 9 10 
11 12 13 14 15 
16 17 18 19 20 
21 22 23 24 25 
26 27 28 29 30 
31 32 33 34 35 
36 37 38 39 40 
41 42 43 44 45 
46 47 48 49 50 
51 52 53 54 55 
56 57 58 59 60 

1 2 3 4 
5 6 7 8 
9 10 11 12 

1 2 3 

48 7
57 33
57 3
