1
3
12
60
3
22 23 19 17 19 16 20 22 16 26 24 21 18 18 19 18 20 23 15 24 22 17 20 23 18 19 15 15 22 29 17 20 16 22 25 24 16 19 24 17 24 21 23 18 14 15 21 20 15 29 15 24 20 23 18 16 21 24 21 18
26 33 14 6 5 6 36 26 19 29 37 31 16 11 17 5 21 38 19 38 21 8 32 22 15 8 15 17 22 26 6 22 14 37 35 38 13 15 31 14 29 37 37 18 8 15 32 34 11 38 10 25 31 25 9 10 23 28 33 7
 3 2 1 3 3 1 1 3 2 1 2 1 2 3 1 1 2 2 2 2 3 1 2 3 3 1 3 1 1 3 3 3 1 3 2 2 1 1 2 1 3 1 2 3 3 2 1 2 2 3 1 2 3 3 2 1 1 3 1 

1 2 3 4 5 
6 7 8 9 10 
11 12 13 14 15 
16 17 18 19 20 
21 22 23 24 25 
26 27 28 29 30 
31 32 33 34 35 
36 37 38 39 40 
41 42 43 44 45 
46 47 48 49 50 
51 52 53 54 55 
56 57 58 59 60 

1 2 3 4 
5 6 7 8 
9 10 11 12 

1 2 3 

25 4
53 14
53 22
