1
3
12
60
9
22 19 24 17 18 17 15 15 15 38 24 22 17 23 14 16 24 22 16 22 18 17 24 23 18 19 24 16 22 19 21 17 20 22 20 21 24 24 22 9 22 19 22 22 15 23 23 24 23 7 24 16 24 21 15 17 24 24 16 19
28 6 33 11 9 11 14 15 10 20 32 32 11 21 11 9 31 33 12 22 10 15 22 27 10 14 32 19 21 19 24 8 25 22 33 39 27 29 21 9 32 5 22 25 17 28 33 31 24 12 20 10 29 23 13 8 29 32 14 7
 1 2 3 2 3 2 1 3 3 2 3 1 2 2 2 3 2 3 1 1 1 2 2 3 1 1 1 3 1 3 1 1 2 1 1 1 3 1 3 2 1 3 3 3 3 2 3 2 2 3 1 3 1 1 2 1 3 1 1 

1 2 3 4 5 
6 7 8 9 10 
11 12 13 14 15 
16 17 18 19 20 
21 22 23 24 25 
26 27 28 29 30 
31 32 33 34 35 
36 37 38 39 40 
41 42 43 44 45 
46 47 48 49 50 
51 52 53 54 55 
56 57 58 59 60 

1 2 3 4 
5 6 7 8 
9 10 11 12 

1 2 3 

21 19
12 10
12 2
19 3
19 13
20 9
20 1
41 15
41 34
