1
3
12
60
3
23 15 24 15 23 18 16 22 21 23 23 18 17 15 27 15 18 22 22 23 16 23 24 20 17 17 21 24 15 23 19 23 19 20 19 18 21 23 17 21 20 20 19 24 17 17 22 20 16 25 20 18 22 16 24 19 18 23 15 25
21 16 28 9 30 15 15 31 36 25 31 12 19 18 28 5 5 32 36 26 19 21 27 20 16 14 34 37 17 27 7 24 16 35 18 6 27 23 8 31 36 27 11 24 9 9 23 32 19 35 21 12 31 15 31 16 15 33 12 39
 1 3 1 3 1 3 3 2 3 2 3 2 2 2 2 2 2 1 2 1 1 2 2 3 1 3 2 3 1 3 2 2 2 2 3 1 1 2 1 2 2 3 1 1 1 1 3 1 1 3 3 1 3 3 2 1 1 2 1 

1 2 3 4 5 
6 7 8 9 10 
11 12 13 14 15 
16 17 18 19 20 
21 22 23 24 25 
26 27 28 29 30 
31 32 33 34 35 
36 37 38 39 40 
41 42 43 44 45 
46 47 48 49 50 
51 52 53 54 55 
56 57 58 59 60 

1 2 3 4 
5 6 7 8 
9 10 11 12 

1 2 3 

23 19
19 8
19 15
