1
3
12
60
9
26 30 16 26 66 33 24 14 35 19 35 10 26 44 29 12 36 23 20 43 31 12 28 19 23 28 24 19 37 39 29 32 10 66 30 29 25 18 63 47 30 24 18 13 34 31 23 17 65 33 28 23 21 17 20 22 27 22 64 23
25 39 16 28 65 24 21 14 21 5 35 8 30 50 25 16 27 28 30 50 31 8 21 14 22 29 27 6 26 20 36 25 14 72 31 29 31 12 66 46 35 33 6 17 22 33 21 12 67 32 26 34 29 6 32 34 37 27 64 37
 2 3 2 3 1 2 2 3 1 1 1 3 3 2 3 2 3 1 3 2 1 3 3 3 3 2 2 2 1 1 3 2 2 2 1 1 1 3 2 1 2 2 1 2 2 2 3 3 1 3 3 3 2 1 1 1 1 1 3 

1 2 3 4 5 
6 7 8 9 10 
11 12 13 14 15 
16 17 18 19 20 
21 22 23 24 25 
26 27 28 29 30 
31 32 33 34 35 
36 37 38 39 40 
41 42 43 44 45 
46 47 48 49 50 
51 52 53 54 55 
56 57 58 59 60 

1 2 3 4 
5 6 7 8 
9 10 11 12 

1 2 3 

6 1
10 3
10 2
16 2
16 7
24 7
24 20
46 31
46 2
