1
3
12
60
0
22 17 21 22 18 19 15 16 16 34 22 15 21 18 24 17 20 18 21 24 16 22 20 22 20 23 17 17 17 26 18 20 17 15 30 23 23 18 17 19 15 17 21 22 25 17 15 23 21 24 17 24 20 15 24 18 16 17 17 32
27 15 36 36 6 18 18 18 17 33 36 9 25 19 29 19 24 10 36 20 17 20 34 20 26 29 14 6 13 32 7 25 10 12 30 37 32 8 12 6 17 6 39 30 33 14 17 29 25 36 14 39 29 7 29 15 6 10 8 33
 2 2 3 2 2 2 2 1 1 1 2 1 2 2 3 2 2 1 1 2 3 2 1 3 2 3 2 1 2 1 1 2 1 3 3 3 1 3 1 1 1 1 2 3 2 1 1 1 3 2 1 3 2 1 3 2 1 1 1 

1 2 3 4 5 
6 7 8 9 10 
11 12 13 14 15 
16 17 18 19 20 
21 22 23 24 25 
26 27 28 29 30 
31 32 33 34 35 
36 37 38 39 40 
41 42 43 44 45 
46 47 48 49 50 
51 52 53 54 55 
56 57 58 59 60 

1 2 3 4 
5 6 7 8 
9 10 11 12 

1 2 3 

