1
3
12
60
0
20 16 35 35 62 20 25 27 20 59 9 32 31 57 61 28 10 34 29 37 23 16 33 69 37 37 20 14 53 32 39 16 16 16 28 31 28 13 25 64 20 16 36 44 22 20 40 12 13 68 13 19 39 29 51 31 25 15 23 50
24 10 31 31 74 34 31 33 35 43 18 31 24 58 77 39 9 34 26 22 29 12 27 66 25 21 29 11 53 34 24 8 12 7 38 39 21 19 30 69 36 8 29 55 28 34 52 11 18 60 6 17 39 34 51 32 35 11 38 46
 2 3 3 2 1 1 1 3 3 3 3 2 2 3 3 1 2 1 3 2 2 2 3 3 1 1 3 2 2 1 3 3 2 3 1 1 3 3 1 2 1 3 1 3 2 3 2 3 3 1 1 2 2 3 2 2 2 3 3 

1 2 3 4 5 
6 7 8 9 10 
11 12 13 14 15 
16 17 18 19 20 
21 22 23 24 25 
26 27 28 29 30 
31 32 33 34 35 
36 37 38 39 40 
41 42 43 44 45 
46 47 48 49 50 
51 52 53 54 55 
56 57 58 59 60 

1 2 3 4 
5 6 7 8 
9 10 11 12 

1 2 3 

