1
3
12
60
0
23 18 22 15 22 20 20 18 18 24 20 20 19 19 22 23 18 18 18 23 15 16 18 24 27 21 20 16 17 26 18 20 22 23 17 16 18 23 18 25 19 17 18 21 25 24 16 17 24 19 19 15 15 24 27 22 17 24 16 21
39 8 26 11 24 35 35 5 13 36 30 39 10 7 27 26 14 7 16 36 6 5 18 27 39 20 21 14 7 33 14 20 29 22 15 18 14 31 14 36 12 10 18 22 31 36 15 10 25 11 8 11 19 34 32 22 10 21 10 20
 1 1 3 1 1 3 2 1 2 3 2 3 1 3 1 3 2 2 2 1 1 1 1 3 3 2 1 3 3 2 1 2 2 2 3 1 1 3 3 3 1 3 1 3 1 1 2 1 1 3 2 2 2 1 3 2 3 3 1 

1 2 3 4 5 
6 7 8 9 10 
11 12 13 14 15 
16 17 18 19 20 
21 22 23 24 25 
26 27 28 29 30 
31 32 33 34 35 
36 37 38 39 40 
41 42 43 44 45 
46 47 48 49 50 
51 52 53 54 55 
56 57 58 59 60 

1 2 3 4 
5 6 7 8 
9 10 11 12 

1 2 3 

