1
3
12
60
3
20 21 23 21 15 23 15 24 20 18 17 18 24 17 24 21 24 21 20 14 22 16 22 24 16 16 21 21 16 26 16 23 20 16 25 17 19 19 23 22 20 18 21 15 26 21 24 22 20 13 23 16 19 21 21 21 22 15 21 21
33 21 37 25 17 25 6 27 33 6 15 7 38 7 30 28 20 25 23 17 26 6 23 28 12 11 31 24 8 21 9 35 38 19 33 7 17 15 21 34 24 15 23 10 35 35 37 33 38 6 25 19 9 26 39 28 22 6 28 27
 2 2 3 2 1 3 1 1 3 1 3 2 1 1 3 2 1 1 2 3 3 3 2 3 2 2 3 2 2 1 1 1 2 3 3 2 3 3 2 3 2 2 3 2 2 2 2 3 2 1 1 1 3 2 3 3 1 2 3 

1 2 3 4 5 
6 7 8 9 10 
11 12 13 14 15 
16 17 18 19 20 
21 22 23 24 25 
26 27 28 29 30 
31 32 33 34 35 
36 37 38 39 40 
41 42 43 44 45 
46 47 48 49 50 
51 52 53 54 55 
56 57 58 59 60 

1 2 3 4 
5 6 7 8 
9 10 11 12 

1 2 3 

54 5
37 17
37 8
