1
3
12
60
6
18 15 24 17 26 20 15 22 22 21 20 16 21 21 22 18 22 24 17 19 19 23 17 22 19 18 17 16 21 28 17 21 18 22 22 20 22 24 21 13 19 21 23 21 16 15 16 15 15 39 24 22 17 15 22 15 22 17 15 31
6 19 23 7 26 36 15 22 36 36 26 12 32 23 20 7 21 23 16 10 7 34 11 26 19 19 8 5 32 31 14 29 6 31 24 23 38 30 28 16 5 37 28 26 16 15 17 16 7 33 28 39 6 6 24 11 38 17 7 38
 1 1 1 1 2 3 3 2 2 2 1 3 1 1 1 1 1 1 3 2 1 1 2 2 1 1 3 2 2 1 1 1 3 2 3 1 3 1 2 1 1 3 2 2 3 3 1 2 3 2 3 1 1 3 2 3 1 2 3 

1 2 3 4 5 
6 7 8 9 10 
11 12 13 14 15 
16 17 18 19 20 
21 22 23 24 25 
26 27 28 29 30 
31 32 33 34 35 
36 37 38 39 40 
41 42 43 44 45 
46 47 48 49 50 
51 52 53 54 55 
56 57 58 59 60 

1 2 3 4 
5 6 7 8 
9 10 11 12 

1 2 3 

25 1
39 18
53 31
57 43
20 10
20 2
