1
3
12
60
3
17 34 21 51 40 15 44 12 50 49 29 13 29 37 13 10 23 39 45 10 33 24 14 12 28 22 32 17 40 10 23 34 15 50 17 16 34 21 17 11 26 21 25 36 15 22 23 27 41 25 25 21 25 58 35 24 9 38 53 23
9 24 36 49 48 15 57 14 57 42 25 6 29 28 18 5 39 21 46 7 22 27 7 12 37 36 22 12 56 19 28 35 6 59 17 9 24 38 5 18 25 32 21 33 14 31 29 34 51 23 22 38 29 43 36 21 10 22 56 31
 2 3 2 3 3 2 3 3 2 2 2 3 3 3 1 1 2 2 3 1 1 1 1 2 1 3 1 1 1 1 2 2 3 1 2 2 3 3 3 3 1 2 3 3 3 1 1 3 1 1 2 3 1 1 1 1 1 2 2 

1 2 3 4 5 
6 7 8 9 10 
11 12 13 14 15 
16 17 18 19 20 
21 22 23 24 25 
26 27 28 29 30 
31 32 33 34 35 
36 37 38 39 40 
41 42 43 44 45 
46 47 48 49 50 
51 52 53 54 55 
56 57 58 59 60 

1 2 3 4 
5 6 7 8 
9 10 11 12 

1 2 3 

26 17
60 5
60 48
