1
3
12
60
3
23 17 16 16 28 20 21 24 19 16 15 20 24 18 23 17 18 19 19 27 21 21 19 21 18 21 18 15 20 26 15 22 16 21 26 23 21 16 23 17 16 17 20 19 28 16 21 17 15 31 18 17 23 15 27 19 15 23 22 21
39 13 11 18 35 29 38 29 13 15 18 30 36 5 26 5 17 16 6 35 32 32 5 38 12 21 15 9 29 20 8 23 5 29 37 30 37 13 28 17 5 17 22 13 24 6 33 10 11 31 10 13 27 10 27 9 6 29 33 36
 2 2 2 3 1 3 1 3 1 2 2 2 3 3 3 2 3 2 2 3 2 1 2 1 3 2 1 3 2 3 3 1 3 1 1 2 3 3 3 1 1 2 3 3 2 3 2 1 3 1 3 1 2 2 2 2 3 3 1 

1 2 3 4 5 
6 7 8 9 10 
11 12 13 14 15 
16 17 18 19 20 
21 22 23 24 25 
26 27 28 29 30 
31 32 33 34 35 
36 37 38 39 40 
41 42 43 44 45 
46 47 48 49 50 
51 52 53 54 55 
56 57 58 59 60 

1 2 3 4 
5 6 7 8 
9 10 11 12 

1 2 3 

57 2
42 39
42 17
