1
3
12
60
9
21 19 32 44 68 23 21 28 51 27 29 17 26 43 39 16 38 18 34 68 35 10 27 49 44 9 34 28 13 39 12 20 40 41 50 16 39 16 48 51 29 19 23 51 12 10 28 34 29 55 18 39 15 25 34 16 21 34 13 59
35 17 39 41 73 38 24 28 57 37 20 16 28 48 26 6 39 16 36 63 39 17 34 44 53 9 27 32 15 30 10 32 48 47 41 7 31 11 53 53 20 9 25 56 5 7 34 36 38 48 5 23 7 35 28 12 39 26 19 52
 2 3 1 1 3 1 3 1 2 3 2 1 2 2 1 3 2 2 1 1 1 1 2 3 2 1 2 3 3 3 2 2 2 1 3 2 2 1 3 3 1 2 1 2 2 1 2 2 2 1 2 3 2 2 1 1 1 1 1 

1 2 3 4 5 
6 7 8 9 10 
11 12 13 14 15 
16 17 18 19 20 
21 22 23 24 25 
26 27 28 29 30 
31 32 33 34 35 
36 37 38 39 40 
41 42 43 44 45 
46 47 48 49 50 
51 52 53 54 55 
56 57 58 59 60 

1 2 3 4 
5 6 7 8 
9 10 11 12 

1 2 3 

59 37
34 8
34 12
37 34
37 2
51 25
51 44
55 4
55 38
