1
3
12
60
9
16 15 20 18 31 22 19 15 23 21 19 23 21 16 21 15 18 18 17 32 18 22 21 23 16 20 17 21 17 25 19 20 17 15 29 16 21 24 24 15 24 22 22 23 9 24 23 18 18 17 17 16 23 16 28 15 24 16 21 24
11 6 35 18 25 37 12 16 26 27 11 24 36 17 36 13 5 10 6 38 17 34 37 31 8 28 11 24 18 31 11 36 6 17 28 14 32 27 24 7 23 28 34 24 7 22 26 19 5 5 19 15 29 6 20 13 37 13 37 28
 3 2 3 3 1 2 2 2 1 3 2 3 2 1 2 2 1 3 2 1 1 3 2 1 2 3 3 3 3 2 2 2 3 1 2 2 2 3 3 2 2 1 3 1 2 1 2 2 3 3 2 2 1 1 1 1 2 1 1 

1 2 3 4 5 
6 7 8 9 10 
11 12 13 14 15 
16 17 18 19 20 
21 22 23 24 25 
26 27 28 29 30 
31 32 33 34 35 
36 37 38 39 40 
41 42 43 44 45 
46 47 48 49 50 
51 52 53 54 55 
56 57 58 59 60 

1 2 3 4 
5 6 7 8 
9 10 11 12 

1 2 3 

8 2
14 9
14 7
15 1
15 8
32 16
32 19
53 46
53 36
