1
3
12
60
0
23 19 23 17 18 22 24 15 19 20 21 22 15 21 21 15 20 22 15 28 17 24 17 16 26 15 22 22 16 25 18 21 19 23 19 20 19 22 19 20 15 16 20 17 32 18 18 20 15 29 17 20 20 23 20 16 18 23 21 22
35 11 31 6 7 20 26 7 5 37 32 39 18 29 28 17 29 33 8 32 17 28 17 19 24 15 31 32 17 32 11 22 9 23 7 25 5 36 7 31 7 16 21 15 38 11 9 30 6 33 13 38 35 36 28 17 15 28 31 20
 3 1 1 2 1 2 3 1 2 3 3 3 1 3 3 3 3 3 3 3 1 2 3 1 1 3 2 1 1 1 1 1 3 3 3 1 3 3 3 3 2 2 3 2 3 2 2 1 2 1 3 2 2 3 1 3 3 3 3 

1 2 3 4 5 
6 7 8 9 10 
11 12 13 14 15 
16 17 18 19 20 
21 22 23 24 25 
26 27 28 29 30 
31 32 33 34 35 
36 37 38 39 40 
41 42 43 44 45 
46 47 48 49 50 
51 52 53 54 55 
56 57 58 59 60 

1 2 3 4 
5 6 7 8 
9 10 11 12 

1 2 3 

