1
3
12
60
0
24 17 18 19 22 20 17 24 17 22 17 23 16 20 24 24 20 19 24 13 24 16 18 18 24 19 18 21 21 21 18 17 17 21 27 16 15 17 24 28 18 20 21 22 19 18 20 23 17 22 24 19 23 20 14 18 21 21 18 22
21 5 18 13 39 28 5 27 11 27 16 22 9 30 29 29 30 5 27 6 35 10 15 11 22 13 9 27 31 21 9 19 8 24 24 9 12 7 39 31 9 38 34 23 16 17 22 39 8 31 20 5 24 28 6 6 26 37 10 31
 2 1 3 2 1 3 3 1 1 1 2 3 2 2 2 1 2 1 2 1 2 3 2 3 3 2 2 2 2 1 3 3 2 1 3 1 3 3 1 2 1 3 1 1 1 2 2 1 3 3 3 2 3 2 2 3 2 1 2 

1 2 3 4 5 
6 7 8 9 10 
11 12 13 14 15 
16 17 18 19 20 
21 22 23 24 25 
26 27 28 29 30 
31 32 33 34 35 
36 37 38 39 40 
41 42 43 44 45 
46 47 48 49 50 
51 52 53 54 55 
56 57 58 59 60 

1 2 3 4 
5 6 7 8 
9 10 11 12 

1 2 3 

