1
3
12
60
6
34 29 9 31 22 18 19 34 25 24 8 37 27 15 33 27 8 36 57 38 14 37 20 58 26 25 38 9 58 66 36 24 11 51 14 13 29 29 69 27 27 19 25 58 49 38 7 27 11 13 28 21 22 10 65 7 29 36 68 18
24 25 11 37 21 12 6 37 25 38 10 39 38 7 25 39 18 21 57 20 18 23 20 56 28 37 26 13 50 73 28 32 13 41 15 7 24 22 73 20 21 5 31 46 45 26 11 36 7 11 28 28 38 5 73 14 21 37 76 7
 1 1 3 3 3 1 1 1 2 3 3 1 1 2 1 3 1 1 1 2 1 1 3 2 1 3 3 2 2 1 3 2 1 2 3 1 3 1 1 2 3 2 2 3 1 2 1 1 3 2 2 1 3 1 2 1 2 3 1 

1 2 3 4 5 
6 7 8 9 10 
11 12 13 14 15 
16 17 18 19 20 
21 22 23 24 25 
26 27 28 29 30 
31 32 33 34 35 
36 37 38 39 40 
41 42 43 44 45 
46 47 48 49 50 
51 52 53 54 55 
56 57 58 59 60 

1 2 3 4 
5 6 7 8 
9 10 11 12 

1 2 3 

23 2
32 25
41 3
54 42
51 28
51 19
