1
3
12
60
0
19 15 16 21 29 23 22 17 18 20 24 19 21 17 19 23 17 22 17 21 24 24 17 23 12 21 17 18 17 27 20 24 18 15 23 16 16 22 19 27 15 19 18 16 32 23 23 23 15 16 21 19 23 16 21 18 24 15 19 24
7 16 19 21 21 32 25 6 11 37 35 13 29 11 12 30 11 24 9 39 21 23 14 34 10 39 16 8 12 39 22 31 9 6 35 13 7 24 18 30 17 10 13 8 38 35 35 29 9 14 22 19 30 10 39 7 28 11 17 36
 1 3 1 2 2 3 3 1 1 2 2 3 2 1 1 2 1 3 2 1 3 1 2 2 1 1 1 2 3 3 3 1 1 1 2 2 3 3 2 2 1 2 2 1 1 2 3 2 1 2 1 2 2 2 2 2 2 2 3 

1 2 3 4 5 
6 7 8 9 10 
11 12 13 14 15 
16 17 18 19 20 
21 22 23 24 25 
26 27 28 29 30 
31 32 33 34 35 
36 37 38 39 40 
41 42 43 44 45 
46 47 48 49 50 
51 52 53 54 55 
56 57 58 59 60 

1 2 3 4 
5 6 7 8 
9 10 11 12 

1 2 3 

