1
3
12
60
3
22 17 23 21 17 23 18 19 20 20 22 16 20 22 20 15 23 21 19 22 20 15 23 23 19 24 23 15 23 15 23 20 16 24 17 23 23 17 23 14 23 17 18 19 23 18 20 16 18 28 21 24 19 24 12 17 17 16 18 32
37 12 26 27 11 31 9 10 36 24 31 8 30 29 20 16 29 25 19 28 38 6 31 37 12 35 22 17 20 15 33 24 15 29 9 29 38 18 38 19 30 10 14 8 25 9 28 6 5 31 25 38 19 39 17 12 7 19 19 39
 1 2 3 3 1 3 1 2 3 2 2 1 1 2 1 2 2 3 2 2 2 3 3 2 2 1 1 2 3 1 2 2 1 3 3 2 1 2 2 1 1 3 2 3 2 3 2 2 3 1 3 3 1 1 1 1 3 3 1 

1 2 3 4 5 
6 7 8 9 10 
11 12 13 14 15 
16 17 18 19 20 
21 22 23 24 25 
26 27 28 29 30 
31 32 33 34 35 
36 37 38 39 40 
41 42 43 44 45 
46 47 48 49 50 
51 52 53 54 55 
56 57 58 59 60 

1 2 3 4 
5 6 7 8 
9 10 11 12 

1 2 3 

42 8
52 1
52 24
