1
5
30
150
9
21 17 15 20 27 15 17 19 16 33 24 16 22 16 22 23 17 15 17 28 23 19 17 21 20 16 15 18 16 35 19 16 18 24 23 17 16 18 23 26 20 22 21 23 14 20 19 24 23 14 15 16 20 23 26 21 22 23 22 12 18 18 18 19 27 23 18 15 24 20 22 16 23 16 23 16 16 20 16 32 22 21 20 22 15 18 20 20 23 19 17 24 24 19 16 16 17 22 16 29 20 21 20 21 18 18 17 17 18 30 15 15 15 20 35 22 19 20 16 23 15 17 18 15 35 22 22 22 17 17 18 23 16 23 20 23 16 18 23 20 21 17 18 24 20 18 15 20 22 25
25 5 17 36 27 5 14 13 18 35 25 19 20 18 30 27 18 7 7 33 31 9 10 29 32 16 12 6 12 24 17 10 6 26 27 5 12 14 30 33 33 33 25 38 10 22 12 34 32 14 10 9 29 21 21 23 28 31 29 12 15 6 16 14 33 29 5 10 34 26 33 13 37 7 20 12 12 38 16 26 20 25 22 21 7 7 30 30 20 13 17 29 30 8 11 18 7 21 12 34 32 30 39 26 11 16 9 13 13 23 10 19 15 39 20 30 15 35 5 34 19 12 16 7 27 30 33 25 7 8 8 38 12 26 34 33 17 14 36 27 24 18 11 29 31 11 13 28 25 32
 2 3 1 1 3 1 2 2 3 2 3 2 2 1 1 2 1 1 3 3 2 2 2 1 3 3 1 1 2 2 2 1 2 2 1 2 3 1 1 1 1 2 2 3 3 2 1 2 1 1 2 3 3 2 2 1 3 2 2 3 3 3 3 2 1 3 3 3 1 1 3 2 3 3 2 3 2 2 3 3 3 1 1 2 2 2 1 3 1 1 3 2 3 1 3 3 1 3 1 2 2 3 3 2 2 3 1 3 2 3 3 3 1 1 3 3 2 2 3 1 2 3 3 3 2 2 3 3 1 3 2 3 2 1 3 2 2 3 1 1 1 2 1 3 1 2 2 1 3 

1 2 3 4 5 
6 7 8 9 10 
11 12 13 14 15 
16 17 18 19 20 
21 22 23 24 25 
26 27 28 29 30 
31 32 33 34 35 
36 37 38 39 40 
41 42 43 44 45 
46 47 48 49 50 
51 52 53 54 55 
56 57 58 59 60 
61 62 63 64 65 
66 67 68 69 70 
71 72 73 74 75 
76 77 78 79 80 
81 82 83 84 85 
86 87 88 89 90 
91 92 93 94 95 
96 97 98 99 100 
101 102 103 104 105 
106 107 108 109 110 
111 112 113 114 115 
116 117 118 119 120 
121 122 123 124 125 
126 127 128 129 130 
131 132 133 134 135 
136 137 138 139 140 
141 142 143 144 145 
146 147 148 149 150 

1 2 3 4 5 6 
7 8 9 10 11 12 
13 14 15 16 17 18 
19 20 21 22 23 24 
25 26 27 28 29 30 

1 2 3 4 5 

73 34
15 6
15 1
17 10
17 6
99 95
99 65
121 79
121 91
