1
3
12
60
9
16 18 15 17 34 20 18 20 24 18 21 18 20 24 17 19 16 24 16 25 22 24 23 19 12 17 18 17 23 25 16 24 16 16 28 24 16 18 18 24 22 24 16 17 21 22 20 22 20 16 20 22 21 21 16 15 18 16 22 29
9 12 17 11 29 28 14 25 35 7 28 11 30 35 14 13 16 37 6 35 21 34 35 8 5 7 9 10 20 39 17 24 17 6 29 26 6 17 12 24 38 35 13 6 27 39 21 27 38 19 35 25 31 36 6 16 19 6 21 30
 2 2 3 3 1 2 2 2 3 2 1 1 1 3 2 2 3 2 2 1 3 2 2 2 3 2 1 1 2 3 1 1 1 2 3 2 2 2 1 3 1 3 2 3 2 2 2 1 1 3 1 2 3 3 1 3 1 2 2 

1 2 3 4 5 
6 7 8 9 10 
11 12 13 14 15 
16 17 18 19 20 
21 22 23 24 25 
26 27 28 29 30 
31 32 33 34 35 
36 37 38 39 40 
41 42 43 44 45 
46 47 48 49 50 
51 52 53 54 55 
56 57 58 59 60 

1 2 3 4 
5 6 7 8 
9 10 11 12 

1 2 3 

34 12
7 2
7 5
40 11
40 31
48 9
48 22
52 30
52 27
