1
3
12
60
9
31 21 20 22 12 13 27 31 60 56 23 16 33 34 48 25 17 29 30 33 26 14 31 48 64 27 27 18 44 13 15 10 46 68 28 20 11 40 15 32 20 29 23 50 41 31 25 16 55 26 32 33 8 33 68 36 24 12 16 32
20 22 27 20 15 17 24 30 69 52 36 15 24 30 49 21 13 33 20 28 20 15 36 40 69 34 29 16 43 17 6 9 51 66 25 26 6 54 13 23 26 29 34 44 45 33 34 8 54 21 27 36 6 25 65 21 38 7 9 21
 2 2 3 1 1 3 2 1 3 1 1 2 2 2 1 3 2 1 3 3 1 1 1 3 3 1 3 1 2 1 2 2 1 3 2 1 3 1 2 2 1 1 1 3 1 1 2 1 3 3 2 1 1 2 1 3 1 2 2 

1 2 3 4 5 
6 7 8 9 10 
11 12 13 14 15 
16 17 18 19 20 
21 22 23 24 25 
26 27 28 29 30 
31 32 33 34 35 
36 37 38 39 40 
41 42 43 44 45 
46 47 48 49 50 
51 52 53 54 55 
56 57 58 59 60 

1 2 3 4 
5 6 7 8 
9 10 11 12 

1 2 3 

37 4
6 2
6 5
7 3
7 2
18 5
18 11
46 32
46 21
