1
3
12
60
9
35 15 22 66 15 10 34 28 66 42 16 21 35 33 42 34 11 26 68 62 29 26 17 23 53 17 23 31 28 14 24 19 28 38 55 29 20 22 59 46 17 20 35 30 63 9 37 25 68 23 40 14 18 59 22 25 11 36 46 31
26 13 32 66 14 16 28 34 63 53 9 34 25 34 43 21 8 33 75 60 28 23 13 30 51 9 31 38 36 11 23 10 39 29 48 23 32 33 40 42 19 26 28 31 68 18 22 39 70 27 45 11 7 47 20 30 14 27 54 33
 1 2 1 1 3 3 2 2 2 3 3 2 2 2 3 2 2 1 2 2 1 1 3 2 3 1 2 2 2 3 2 3 3 2 1 3 2 1 2 2 1 3 1 2 3 3 3 3 3 2 2 3 1 2 1 3 1 3 1 

1 2 3 4 5 
6 7 8 9 10 
11 12 13 14 15 
16 17 18 19 20 
21 22 23 24 25 
26 27 28 29 30 
31 32 33 34 35 
36 37 38 39 40 
41 42 43 44 45 
46 47 48 49 50 
51 52 53 54 55 
56 57 58 59 60 

1 2 3 4 
5 6 7 8 
9 10 11 12 

1 2 3 

51 41
22 1
22 3
33 3
33 25
38 25
38 8
43 38
43 22
