1
3
12
60
6
16 16 18 23 27 24 15 17 15 29 19 22 22 15 22 23 16 15 17 29 19 22 23 22 14 24 17 21 17 21 18 19 19 19 25 20 24 19 16 21 23 17 21 22 17 17 24 15 21 23 16 17 18 22 27 22 20 20 24 14
6 18 10 20 20 21 16 9 18 23 13 23 20 18 20 21 12 13 9 28 18 31 24 27 16 26 12 31 15 20 5 7 8 9 39 32 34 12 7 24 29 19 20 39 12 19 34 8 34 31 8 10 8 27 30 22 25 26 24 8
 1 1 3 3 1 2 1 2 3 2 2 2 1 2 3 3 3 1 2 2 2 1 1 3 3 3 1 1 2 1 3 2 1 1 2 2 3 1 1 2 1 2 1 2 1 1 2 3 3 2 2 1 2 2 3 2 3 1 2 

1 2 3 4 5 
6 7 8 9 10 
11 12 13 14 15 
16 17 18 19 20 
21 22 23 24 25 
26 27 28 29 30 
31 32 33 34 35 
36 37 38 39 40 
41 42 43 44 45 
46 47 48 49 50 
51 52 53 54 55 
56 57 58 59 60 

1 2 3 4 
5 6 7 8 
9 10 11 12 

1 2 3 

15 4
17 7
38 25
55 29
34 29
34 26
