1
3
12
60
0
23 17 19 24 17 20 19 15 18 28 21 17 23 15 24 16 20 16 16 32 20 21 20 18 21 23 22 21 18 16 23 21 24 20 12 21 19 20 19 21 19 15 19 22 25 24 18 23 15 20 15 20 21 19 25 19 19 18 20 24
27 9 12 29 19 27 6 15 10 33 31 7 21 16 29 8 24 13 15 36 38 22 21 8 23 21 26 28 17 11 30 21 37 23 18 26 14 38 8 30 6 8 11 39 34 38 17 20 16 21 17 27 39 16 25 14 13 14 27 38
 2 2 3 2 2 1 2 2 3 1 3 3 2 3 1 2 1 1 3 2 1 2 2 2 3 2 2 2 3 1 1 1 1 3 3 3 1 2 3 2 2 1 2 2 1 3 2 2 2 3 3 2 3 2 3 2 3 2 3 

1 2 3 4 5 
6 7 8 9 10 
11 12 13 14 15 
16 17 18 19 20 
21 22 23 24 25 
26 27 28 29 30 
31 32 33 34 35 
36 37 38 39 40 
41 42 43 44 45 
46 47 48 49 50 
51 52 53 54 55 
56 57 58 59 60 

1 2 3 4 
5 6 7 8 
9 10 11 12 

1 2 3 

