1
3
12
60
3
11 22 39 28 11 10 21 41 64 69 28 25 19 65 12 12 28 31 11 49 25 20 26 32 15 26 20 26 15 14 31 29 12 13 55 39 13 20 53 43 12 38 21 23 28 25 36 11 50 16 19 21 31 43 16 29 22 21 47 54
18 29 27 37 6 7 33 58 76 68 30 36 6 69 12 16 22 22 6 52 23 35 39 23 10 26 37 20 8 9 32 21 17 11 45 22 6 24 45 54 16 25 21 24 39 25 24 15 49 15 13 31 37 54 10 36 22 28 40 43
 3 2 2 1 1 3 1 1 2 1 3 3 3 1 1 1 3 3 1 2 2 2 2 1 1 1 1 1 2 3 2 3 1 1 2 3 2 1 3 1 2 1 2 2 1 1 1 3 2 2 1 3 2 3 1 1 3 1 3 

1 2 3 4 5 
6 7 8 9 10 
11 12 13 14 15 
16 17 18 19 20 
21 22 23 24 25 
26 27 28 29 30 
31 32 33 34 35 
36 37 38 39 40 
41 42 43 44 45 
46 47 48 49 50 
51 52 53 54 55 
56 57 58 59 60 

1 2 3 4 
5 6 7 8 
9 10 11 12 

1 2 3 

27 4
18 15
18 11
