"1"	"2"	"3"	"4"	"5"	"6"	"7"
"1"	0.0299999999999727	0.0100000000002183	0.0199999999999818	0.0299999999997453	0.0100000000002183	0.0100000000002183	0.0300000000006548
"2"	0.0299999999999727	0.0400000000004184	0.0300000000002001	0.0299999999997453	0.0300000000006548	0.0299999999997453	0.0300000000006548
"3"	0.00999999999999091	0.0199999999999818	0.00999999999976353	0.00999999999930878	0.0199999999995271	0.0299999999997453	0.0300000000006548
"4"	0.0199999999999818	0.0199999999999818	0.0300000000002001	0.0200000000004366	0.0599999999994907	0.0100000000002183	0.0299999999988358
"5"	0.0399999999999636	0.0500000000001819	0.0100000000002183	0.0299999999997453	0.0299999999997453	0.0199999999995271	0.0100000000002183
"6"	0.0399999999999636	0.0399999999999636	0.0299999999997453	0.0199999999995271	0.0299999999997453	0.0300000000006548	0.0100000000002183
"7"	0.0199999999999818	0.0299999999997453	0.0399999999999636	0.0299999999997453	0.0199999999995271	0.0199999999995271	0.0200000000004366
"8"	0.0299999999999727	0.0299999999997453	0.0200000000004366	0.0200000000004366	0.0299999999997453	0.0199999999995271	0.0299999999988358
"9"	0.0200000000002092	0.0199999999999818	0.0300000000006548	0.00999999999930878	0.0300000000006548	0.0100000000002183	0.0100000000002183
"10"	0.0199999999999818	0.0199999999999818	0.0100000000002183	0.0299999999997453	0.0299999999997453	0.0299999999997453	0.0300000000006548
"11"	0.0299999999999727	0.0199999999999818	0.0199999999995271	0.0100000000002183	0.0399999999999636	0.0299999999997453	0.0299999999988358
"12"	0.0199999999999818	0.0199999999999818	0.0299999999997453	0.0199999999995271	0.0300000000006548	0.0199999999995271	0.0500000000010914
"13"	0.0299999999999727	0.0100000000002183	0.0200000000004366	0.0100000000002183	0.0299999999997453	0.0300000000006548	0.0299999999988358
"14"	0.0299999999999727	0.0299999999997453	0.0299999999997453	0.0299999999997453	0.0299999999997453	0.0200000000004366	0.0100000000002183
"15"	0.0199999999999818	0.00999999999976353	0.0100000000002183	0.0300000000006548	0.0399999999999636	0.0300000000006548	0.00999999999839929
"16"	0.0299999999999727	0.0300000000002001	0.0299999999997453	0.0299999999997453	0.0300000000006548	0.0300000000006548	0.0100000000002183
"17"	0.00999999999999091	0.0199999999999818	0.0199999999995271	0.0200000000004366	0.0100000000002183	0.0100000000002183	0.0100000000002183
"18"	0.0299999999999727	0.0199999999999818	0.0299999999997453	0.0199999999995271	0.0200000000004366	0.0199999999995271	0.0400000000008731
"19"	0.00999999999999091	0.0199999999999818	0.0199999999995271	0.0300000000006548	0.0299999999997453	0.0299999999997453	0.0100000000002183
"20"	0.0299999999999727	0.0299999999997453	0.0199999999995271	0.0299999999997453	0.0100000000002183	0.00999999999930878	0.0100000000002183
"21"	0.0299999999999727	0.0299999999997453	0.0100000000002183	0.0500000000001819	0.0299999999997453	0.0100000000002183	0.0300000000006548
"22"	0.0299999999999727	0.0299999999997453	0.0199999999995271	0.0199999999995271	0.0100000000002183	0.0299999999997453	0.0300000000006548
"23"	0.00999999999999091	0.0299999999997453	0.0300000000006548	0.0200000000004366	0.0300000000006548	0.0100000000002183	0.0300000000006548
"24"	0.00999999999999091	0.0300000000002001	0.0100000000002183	0.0200000000004366	0.0200000000004366	0.0200000000004366	0.0300000000006548
"25"	0.0399999999999636	0.0199999999999818	0.0300000000006548	0.0100000000002183	0.0300000000006548	0.0100000000002183	0.0300000000006548
"26"	0.0199999999999818	0.0300000000002001	0.0600000000004002	0.0200000000004366	0.0399999999999636	0.0100000000002183	0.0200000000004366
"27"	0.0399999999999636	0.0199999999999818	0.00999999999930878	0.0100000000002183	0.0299999999997453	0.0399999999999636	0.0399999999990541
"28"	0.0500000000001819	0.0300000000002001	0.0300000000006548	0.0199999999995271	0.0200000000004366	0.0299999999997453	0.0300000000006548
"29"	0.00999999999999091	0.0300000000002001	0.0299999999997453	0.0100000000002183	0.0299999999997453	0.0399999999999636	0.0300000000006548
"30"	0.00999999999999091	0.0300000000002001	0.0199999999995271	0.0299999999997453	0.0299999999997453	0.0200000000004366	0.0300000000006548
"31"	0.0299999999999727	0.0199999999999818	0.0199999999995271	0.00999999999930878	0.0299999999997453	0.0200000000004366	0.0300000000006548
"32"	0.00999999999999091	0.0300000000002001	0.0299999999997453	0.0299999999997453	0.0399999999999636	0.0100000000002183	0.0300000000006548
"33"	0.00999999999999091	0.0199999999999818	0.00999999999930878	0.0299999999997453	0.0299999999997453	0.0300000000006548	0.0299999999988358
"34"	0.0199999999999818	0.0300000000002001	0.0300000000006548	0.0299999999997453	0.0100000000002183	0.0299999999997453	0.0100000000002183
"35"	0.0299999999999727	0.0300000000002001	0.0300000000006548	0.0399999999999636	0.0100000000002183	0.0500000000001819	0.0299999999988358
"36"	0.0199999999999818	0.0200000000004366	0.0100000000002183	0.0299999999997453	0.0100000000002183	0.0299999999997453	0.0300000000006548
"37"	0.0399999999999636	0.0300000000002001	0.0299999999997453	0.0199999999995271	0.0299999999997453	0.0299999999997453	0.0300000000006548
"38"	0.0299999999999727	0.0199999999999818	0.0199999999995271	0.0299999999997453	0.0200000000004366	0.0299999999997453	0.0299999999988358
"39"	0.0299999999999727	0.0300000000002001	0.0299999999997453	0.0199999999995271	0.0300000000006548	0.0299999999997453	0.0200000000004366
"40"	0.0199999999999818	0.0299999999997453	0.0300000000006548	0.0299999999997453	0.0199999999995271	0.0300000000006548	0.0300000000006548
"41"	0.0299999999999727	0.00999999999976353	0.0299999999997453	0.0199999999995271	0.0299999999997453	0.0299999999997453	0.0299999999988358
"42"	0.0199999999999818	0.0299999999997453	0.0200000000004366	0.0499999999992724	0.0299999999997453	0.0299999999997453	0.0100000000002183
"43"	0.0399999999999636	0.0100000000002183	0.0300000000006548	0.0399999999999636	0.0399999999999636	0.00999999999930878	0.0300000000006548
"44"	0.0300000000002001	0.0300000000002001	0.0299999999997453	0.0299999999997453	0.0299999999997453	0.0100000000002183	0.0300000000006548
"45"	0.0299999999999727	0.0199999999999818	0.0299999999997453	0.0299999999997453	0.00999999999930878	0.0299999999997453	0.0299999999988358
"46"	0.0199999999999818	0.0300000000002001	0.0100000000002183	0.0200000000004366	0.00999999999930878	0.0299999999997453	0.0199999999986176
"47"	0.0399999999999636	0.0300000000002001	0.0499999999992724	0.0299999999997453	0.00999999999930878	0.0299999999997453	0.0299999999988358
"48"	0.0299999999999727	0.0100000000002183	0.0200000000004366	0.0300000000006548	0.0300000000006548	0.0299999999997453	0.0299999999988358
"49"	0.00999999999999091	0.0199999999999818	0.0300000000006548	0.0300000000006548	0.0299999999997453	0.0200000000004366	0.0399999999990541
"50"	0.0299999999999727	0.0100000000002183	0.0399999999999636	0.0199999999995271	0.0299999999997453	0.0299999999997453	0.0300000000006548
"51"	0.0199999999999818	0.00999999999976353	0.0299999999997453	0.0100000000002183	0.0300000000006548	0.0300000000006548	0.0299999999988358
"52"	0.0300000000002001	0.0299999999997453	0.0199999999995271	0.0100000000002183	0.0299999999997453	0.0299999999997453	0.0300000000006548
"53"	0.0300000000002001	0.0100000000002183	0.0299999999997453	0.0299999999997453	0.0299999999997453	0.0299999999997453	0.0100000000002183
"54"	0.0299999999997453	0.0300000000002001	0.0199999999995271	0.0299999999997453	0.0200000000004366	0.0299999999997453	0.0100000000002183
"55"	0.0299999999997453	0.0199999999999818	0.0100000000002183	0.0299999999997453	0.0199999999995271	0.0100000000002183	0.0100000000002183
"56"	0.0300000000002001	0.0300000000002001	0.0299999999997453	0.0300000000006548	0.0100000000002183	0.0300000000006548	0.0100000000002183
"57"	0.0199999999999818	0.0100000000002183	0.0199999999995271	0.0299999999997453	0.0299999999997453	0.0299999999988358	0.0299999999988358
"58"	0.0299999999997453	0.0100000000002183	0.0200000000004366	0.0200000000004366	0.0199999999995271	0.0300000000006548	0.0400000000008731
"59"	0.00999999999976353	0.0100000000002183	0.0100000000002183	0.0399999999999636	0.0100000000002183	0.0200000000004366	0.0100000000002183
"60"	0.0199999999999818	0.0300000000002001	0.0200000000004366	0.0200000000004366	0.0300000000006548	0.0200000000004366	0.0300000000006548
"61"	0.0300000000002001	0.0300000000002001	0.0200000000004366	0.0299999999997453	0.0199999999995271	0.0100000000002183	0.0400000000008731
"62"	0.0400000000004184	0.0300000000002001	0.0199999999995271	0.0199999999995271	0.0299999999997453	0.0199999999986176	0.0299999999988358
"63"	0.0199999999999818	0.00999999999976353	0.0300000000006548	0.0700000000006185	0.0100000000002183	0.0200000000004366	0.0100000000002183
"64"	0.0199999999999818	0.0399999999999636	0.0299999999997453	0.0300000000006548	0.0399999999999636	0.0300000000006548	0.0200000000004366
"65"	0.0300000000002001	0.0100000000002183	0.0200000000004366	0.00999999999930878	0.0300000000006548	0.0100000000002183	0.0300000000006548
"66"	0.0199999999999818	0.0199999999999818	0.0300000000006548	0.0300000000006548	0.0300000000006548	0.0100000000002183	0.0300000000006548
"67"	0.0300000000002001	0.0199999999999818	0.0299999999997453	0.0299999999997453	0.0300000000006548	0.0200000000004366	0.0200000000004366
"68"	0.0199999999999818	0.0300000000002001	0.0100000000002183	0.0300000000006548	0.0299999999997453	0.0200000000004366	0.0300000000006548
"69"	0.0299999999997453	0.0300000000002001	0.0299999999997453	0.0299999999997453	0.0399999999999636	0.0100000000002183	0.0200000000004366
"70"	0.00999999999976353	0.0199999999999818	0.0299999999997453	0.0299999999997453	0.0299999999997453	0.0300000000006548	0.0300000000006548
"71"	0.0199999999999818	0.0299999999997453	0.0299999999997453	0.0299999999997453	0.0199999999995271	0.0300000000006548	0.0399999999990541
"72"	0.0100000000002183	0.0299999999997453	0.0100000000002183	0.0300000000006548	0.0299999999997453	0.0299999999988358	0.0199999999986176
"73"	0.0199999999999818	0.0399999999999636	0.0100000000002183	0.0300000000006548	0.0300000000006548	0.0400000000008731	0.0300000000006548
"74"	0.0299999999997453	0.0199999999999818	0.0299999999997453	0.0100000000002183	0.0299999999997453	0.0299999999988358	0.0300000000006548
"75"	0.0399999999999636	0.0100000000002183	0.0399999999999636	0.0399999999999636	0.0300000000006548	0.0199999999986176	0.0200000000004366
"76"	0.0200000000004366	0.00999999999976353	0.0100000000002183	0.0200000000004366	0.0399999999999636	0.0200000000004366	0.0300000000006548
"77"	0.0199999999999818	0.0199999999999818	0.0100000000002183	0.0299999999997453	0.0299999999997453	0.0200000000004366	0.0300000000006548
"78"	0.0199999999999818	0.0299999999997453	0.0300000000006548	0.0300000000006548	0.0299999999997453	0.0299999999988358	0.0100000000002183
"79"	0.0299999999997453	0.0199999999999818	0.0299999999997453	0.0300000000006548	0.0299999999997453	0.0300000000006548	0.0600000000013097
"80"	0.0300000000002001	0.0299999999997453	0.0299999999997453	0.0300000000006548	0.0299999999997453	0.0200000000004366	0.0300000000006548
"81"	0.0199999999999818	0.00999999999976353	0.0299999999997453	0.0300000000006548	0.0299999999997453	0.0399999999990541	0.0199999999986176
"82"	0.0300000000002001	0.0300000000002001	0.00999999999930878	0.0399999999999636	0.00999999999930878	0.0300000000006548	0.0200000000004366
"83"	0.0100000000002183	0.0299999999997453	0.0100000000002183	0.0299999999997453	0.0399999999999636	0.0100000000002183	0.0300000000006548
"84"	0.0300000000002001	0.0299999999997453	0.0200000000004366	0.0599999999994907	0.0299999999997453	0.0300000000006548	0.0100000000002183
"85"	0.0299999999997453	0.0300000000002001	0.0100000000002183	0.0300000000006548	0.0200000000004366	0.0300000000006548	0.0200000000004366
"86"	0.0300000000002001	0.0199999999999818	0.0300000000006548	0.0199999999995271	0.0299999999997453	0.0200000000004366	0.0200000000004366
"87"	0.0300000000002001	0.00999999999976353	0.0300000000006548	0.0299999999997453	0.0299999999997453	0.0100000000002183	0.0300000000006548
"88"	0.0300000000002001	0.0299999999997453	0.0200000000004366	0.0100000000002183	0.0499999999992724	0.0300000000006548	0.0600000000013097
"89"	0.0300000000002001	0.0199999999999818	0.0299999999997453	0.0199999999995271	0.0299999999997453	0.0300000000006548	0.0199999999986176
"90"	0.0300000000002001	0.0299999999997453	0.0299999999997453	0.0299999999997453	0.0300000000006548	0.0199999999986176	0.0100000000002183
"91"	0.0300000000002001	0.00999999999976353	0.0299999999997453	0.0299999999997453	0.0399999999999636	0.0299999999988358	0.0100000000002183
"92"	0.0299999999997453	0.0300000000002001	0.0299999999997453	0.0299999999997453	0.0199999999995271	0.0299999999988358	0.0100000000002183
"93"	0.0300000000002001	0.0300000000002001	0.0300000000006548	0.0200000000004366	0.0200000000004366	0.0300000000006548	0.0300000000006548
"94"	0.0299999999997453	0.0200000000004366	0.0299999999997453	0.0199999999995271	0.0399999999999636	0.0299999999988358	0.0299999999988358
"95"	0.0300000000002001	0.0199999999999818	0.0299999999997453	0.0100000000002183	0.0299999999997453	0.0400000000008731	0.0300000000006548
"96"	0.0300000000002001	0.00999999999976353	0.0299999999997453	0.0299999999997453	0.0200000000004366	0.0300000000006548	0.0300000000006548
"97"	0.0300000000002001	0.0299999999997453	0.0199999999995271	0.0299999999997453	0.0200000000004366	0.0100000000002183	0.0599999999994907
"98"	0.0300000000002001	0.00999999999976353	0.0100000000002183	0.0399999999999636	0.0200000000004366	0.0300000000006548	0.0200000000004366
"99"	0.0299999999997453	0.00999999999976353	0.0100000000002183	0.0299999999997453	0.0199999999995271	0.0200000000004366	0.0200000000004366
