"1"	"2"	"3"	"4"	"5"	"6"	"7"
"1"	3.34999999999991	2.38999999999987	2.30999999999995	2.39000000000033	2.39000000000033	2.43000000000029	2.53999999999905
"2"	3.43000000000006	2.42000000000007	2.25	2.30000000000018	2.38999999999942	2.41000000000076	2.5
"3"	3.32999999999993	2.31999999999971	2.26999999999998	2.26999999999953	2.3100000000004	2.39000000000033	2.38999999999942
"4"	3.1099999999999	2.22000000000025	2.25	2.30000000000018	2.28999999999996	2.35999999999967	2.43000000000029
"5"	0.0299999999999727	0.0100000000002183	0.0199999999999818	0.0299999999997453	0.0100000000002183	0.0100000000002183	0.0300000000006548
"6"	3.47000000000003	2.38999999999987	2.22999999999956	2.28999999999996	2.38999999999942	2.36999999999989	2.39000000000124
"7"	3.34999999999991	2.38999999999987	2.30999999999995	2.39000000000033	2.39000000000033	2.43000000000029	2.53999999999905
"8"	3.43000000000006	2.42000000000007	2.25	2.30000000000018	2.38999999999942	2.41000000000076	2.5
"9"	3.32999999999993	2.31999999999971	2.26999999999998	2.26999999999953	2.3100000000004	2.39000000000033	2.38999999999942
"10"	3.1099999999999	2.22000000000025	2.25	2.30000000000018	2.28999999999996	2.35999999999967	2.43000000000029
"11"	0.0299999999999727	0.0100000000002183	0.0199999999999818	0.0299999999997453	0.0100000000002183	0.0100000000002183	0.0300000000006548
"12"	3.47000000000003	2.38999999999987	2.22999999999956	2.28999999999996	2.38999999999942	2.36999999999989	2.39000000000124
"13"	3.34999999999991	2.38999999999987	2.30999999999995	2.39000000000033	2.39000000000033	2.43000000000029	2.53999999999905
"14"	3.43000000000006	2.42000000000007	2.25	2.30000000000018	2.38999999999942	2.41000000000076	2.5
"15"	3.32999999999993	2.31999999999971	2.26999999999998	2.26999999999953	2.3100000000004	2.39000000000033	2.38999999999942
"16"	3.1099999999999	2.22000000000025	2.25	2.30000000000018	2.28999999999996	2.35999999999967	2.43000000000029
"17"	0.0299999999999727	0.0100000000002183	0.0199999999999818	0.0299999999997453	0.0100000000002183	0.0100000000002183	0.0300000000006548
"18"	3.47000000000003	2.38999999999987	2.22999999999956	2.28999999999996	2.38999999999942	2.36999999999989	2.39000000000124
"19"	3.34999999999991	2.38999999999987	2.30999999999995	2.39000000000033	2.39000000000033	2.43000000000029	2.53999999999905
"20"	3.43000000000006	2.42000000000007	2.25	2.30000000000018	2.38999999999942	2.41000000000076	2.5
"21"	3.32999999999993	2.31999999999971	2.26999999999998	2.26999999999953	2.3100000000004	2.39000000000033	2.38999999999942
"22"	3.1099999999999	2.22000000000025	2.25	2.30000000000018	2.28999999999996	2.35999999999967	2.43000000000029
"23"	0.0299999999999727	0.0100000000002183	0.0199999999999818	0.0299999999997453	0.0100000000002183	0.0100000000002183	0.0300000000006548
"24"	3.47000000000003	2.38999999999987	2.22999999999956	2.28999999999996	2.38999999999942	2.36999999999989	2.39000000000124
"25"	3.34999999999991	2.38999999999987	2.30999999999995	2.39000000000033	2.39000000000033	2.43000000000029	2.53999999999905
"26"	3.43000000000006	2.42000000000007	2.25	2.30000000000018	2.38999999999942	2.41000000000076	2.5
"27"	3.32999999999993	2.31999999999971	2.26999999999998	2.26999999999953	2.3100000000004	2.39000000000033	2.38999999999942
"28"	3.1099999999999	2.22000000000025	2.25	2.30000000000018	2.28999999999996	2.35999999999967	2.43000000000029
"29"	0.0299999999999727	0.0100000000002183	0.0199999999999818	0.0299999999997453	0.0100000000002183	0.0100000000002183	0.0300000000006548
"30"	3.47000000000003	2.38999999999987	2.22999999999956	2.28999999999996	2.38999999999942	2.36999999999989	2.39000000000124
"31"	3.34999999999991	2.38999999999987	2.30999999999995	2.39000000000033	2.39000000000033	2.43000000000029	2.53999999999905
"32"	3.43000000000006	2.42000000000007	2.25	2.30000000000018	2.38999999999942	2.41000000000076	2.5
"33"	3.32999999999993	2.31999999999971	2.26999999999998	2.26999999999953	2.3100000000004	2.39000000000033	2.38999999999942
"34"	3.1099999999999	2.22000000000025	2.25	2.30000000000018	2.28999999999996	2.35999999999967	2.43000000000029
"35"	0.0299999999999727	0.0100000000002183	0.0199999999999818	0.0299999999997453	0.0100000000002183	0.0100000000002183	0.0300000000006548
"36"	3.47000000000003	2.38999999999987	2.22999999999956	2.28999999999996	2.38999999999942	2.36999999999989	2.39000000000124
"37"	3.34999999999991	2.38999999999987	2.30999999999995	2.39000000000033	2.39000000000033	2.43000000000029	2.53999999999905
"38"	3.43000000000006	2.42000000000007	2.25	2.30000000000018	2.38999999999942	2.41000000000076	2.5
"39"	3.32999999999993	2.31999999999971	2.26999999999998	2.26999999999953	2.3100000000004	2.39000000000033	2.38999999999942
"40"	3.1099999999999	2.22000000000025	2.25	2.30000000000018	2.28999999999996	2.35999999999967	2.43000000000029
"41"	0.0299999999999727	0.0100000000002183	0.0199999999999818	0.0299999999997453	0.0100000000002183	0.0100000000002183	0.0300000000006548
"42"	3.47000000000003	2.38999999999987	2.22999999999956	2.28999999999996	2.38999999999942	2.36999999999989	2.39000000000124
"43"	3.34999999999991	2.38999999999987	2.30999999999995	2.39000000000033	2.39000000000033	2.43000000000029	2.53999999999905
"44"	3.43000000000006	2.42000000000007	2.25	2.30000000000018	2.38999999999942	2.41000000000076	2.5
"45"	3.32999999999993	2.31999999999971	2.26999999999998	2.26999999999953	2.3100000000004	2.39000000000033	2.38999999999942
"46"	3.1099999999999	2.22000000000025	2.25	2.30000000000018	2.28999999999996	2.35999999999967	2.43000000000029
"47"	0.0299999999999727	0.0100000000002183	0.0199999999999818	0.0299999999997453	0.0100000000002183	0.0100000000002183	0.0300000000006548
"48"	3.47000000000003	2.38999999999987	2.22999999999956	2.28999999999996	2.38999999999942	2.36999999999989	2.39000000000124
"49"	3.34999999999991	2.38999999999987	2.30999999999995	2.39000000000033	2.39000000000033	2.43000000000029	2.53999999999905
"50"	3.43000000000006	2.42000000000007	2.25	2.30000000000018	2.38999999999942	2.41000000000076	2.5
"51"	3.32999999999993	2.31999999999971	2.26999999999998	2.26999999999953	2.3100000000004	2.39000000000033	2.38999999999942
"52"	3.1099999999999	2.22000000000025	2.25	2.30000000000018	2.28999999999996	2.35999999999967	2.43000000000029
"53"	0.0299999999999727	0.0100000000002183	0.0199999999999818	0.0299999999997453	0.0100000000002183	0.0100000000002183	0.0300000000006548
"54"	3.47000000000003	2.38999999999987	2.22999999999956	2.28999999999996	2.38999999999942	2.36999999999989	2.39000000000124
"55"	3.34999999999991	2.38999999999987	2.30999999999995	2.39000000000033	2.39000000000033	2.43000000000029	2.53999999999905
"56"	3.43000000000006	2.42000000000007	2.25	2.30000000000018	2.38999999999942	2.41000000000076	2.5
"57"	3.32999999999993	2.31999999999971	2.26999999999998	2.26999999999953	2.3100000000004	2.39000000000033	2.38999999999942
"58"	3.1099999999999	2.22000000000025	2.25	2.30000000000018	2.28999999999996	2.35999999999967	2.43000000000029
"59"	0.0299999999999727	0.0100000000002183	0.0199999999999818	0.0299999999997453	0.0100000000002183	0.0100000000002183	0.0300000000006548
"60"	3.47000000000003	2.38999999999987	2.22999999999956	2.28999999999996	2.38999999999942	2.36999999999989	2.39000000000124
"61"	3.34999999999991	2.38999999999987	2.30999999999995	2.39000000000033	2.39000000000033	2.43000000000029	2.53999999999905
"62"	3.43000000000006	2.42000000000007	2.25	2.30000000000018	2.38999999999942	2.41000000000076	2.5
"63"	3.32999999999993	2.31999999999971	2.26999999999998	2.26999999999953	2.3100000000004	2.39000000000033	2.38999999999942
"64"	3.1099999999999	2.22000000000025	2.25	2.30000000000018	2.28999999999996	2.35999999999967	2.43000000000029
"65"	0.0299999999999727	0.0100000000002183	0.0199999999999818	0.0299999999997453	0.0100000000002183	0.0100000000002183	0.0300000000006548
"66"	3.47000000000003	2.38999999999987	2.22999999999956	2.28999999999996	2.38999999999942	2.36999999999989	2.39000000000124
"67"	3.34999999999991	2.38999999999987	2.30999999999995	2.39000000000033	2.39000000000033	2.43000000000029	2.53999999999905
"68"	3.43000000000006	2.42000000000007	2.25	2.30000000000018	2.38999999999942	2.41000000000076	2.5
"69"	3.32999999999993	2.31999999999971	2.26999999999998	2.26999999999953	2.3100000000004	2.39000000000033	2.38999999999942
"70"	3.1099999999999	2.22000000000025	2.25	2.30000000000018	2.28999999999996	2.35999999999967	2.43000000000029
"71"	0.0299999999999727	0.0100000000002183	0.0199999999999818	0.0299999999997453	0.0100000000002183	0.0100000000002183	0.0300000000006548
"72"	3.47000000000003	2.38999999999987	2.22999999999956	2.28999999999996	2.38999999999942	2.36999999999989	2.39000000000124
"73"	3.34999999999991	2.38999999999987	2.30999999999995	2.39000000000033	2.39000000000033	2.43000000000029	2.53999999999905
"74"	3.43000000000006	2.42000000000007	2.25	2.30000000000018	2.38999999999942	2.41000000000076	2.5
"75"	3.32999999999993	2.31999999999971	2.26999999999998	2.26999999999953	2.3100000000004	2.39000000000033	2.38999999999942
"76"	3.1099999999999	2.22000000000025	2.25	2.30000000000018	2.28999999999996	2.35999999999967	2.43000000000029
"77"	0.0299999999999727	0.0100000000002183	0.0199999999999818	0.0299999999997453	0.0100000000002183	0.0100000000002183	0.0300000000006548
"78"	3.47000000000003	2.38999999999987	2.22999999999956	2.28999999999996	2.38999999999942	2.36999999999989	2.39000000000124
"79"	3.34999999999991	2.38999999999987	2.30999999999995	2.39000000000033	2.39000000000033	2.43000000000029	2.53999999999905
"80"	3.43000000000006	2.42000000000007	2.25	2.30000000000018	2.38999999999942	2.41000000000076	2.5
"81"	3.32999999999993	2.31999999999971	2.26999999999998	2.26999999999953	2.3100000000004	2.39000000000033	2.38999999999942
"82"	3.1099999999999	2.22000000000025	2.25	2.30000000000018	2.28999999999996	2.35999999999967	2.43000000000029
"83"	0.0299999999999727	0.0100000000002183	0.0199999999999818	0.0299999999997453	0.0100000000002183	0.0100000000002183	0.0300000000006548
"84"	3.47000000000003	2.38999999999987	2.22999999999956	2.28999999999996	2.38999999999942	2.36999999999989	2.39000000000124
"85"	3.34999999999991	2.38999999999987	2.30999999999995	2.39000000000033	2.39000000000033	2.43000000000029	2.53999999999905
"86"	3.43000000000006	2.42000000000007	2.25	2.30000000000018	2.38999999999942	2.41000000000076	2.5
"87"	3.32999999999993	2.31999999999971	2.26999999999998	2.26999999999953	2.3100000000004	2.39000000000033	2.38999999999942
"88"	3.1099999999999	2.22000000000025	2.25	2.30000000000018	2.28999999999996	2.35999999999967	2.43000000000029
"89"	0.0299999999999727	0.0100000000002183	0.0199999999999818	0.0299999999997453	0.0100000000002183	0.0100000000002183	0.0300000000006548
"90"	3.47000000000003	2.38999999999987	2.22999999999956	2.28999999999996	2.38999999999942	2.36999999999989	2.39000000000124
"91"	3.34999999999991	2.38999999999987	2.30999999999995	2.39000000000033	2.39000000000033	2.43000000000029	2.53999999999905
"92"	3.43000000000006	2.42000000000007	2.25	2.30000000000018	2.38999999999942	2.41000000000076	2.5
"93"	3.32999999999993	2.31999999999971	2.26999999999998	2.26999999999953	2.3100000000004	2.39000000000033	2.38999999999942
"94"	3.1099999999999	2.22000000000025	2.25	2.30000000000018	2.28999999999996	2.35999999999967	2.43000000000029
"95"	0.0299999999999727	0.0100000000002183	0.0199999999999818	0.0299999999997453	0.0100000000002183	0.0100000000002183	0.0300000000006548
"96"	3.47000000000003	2.38999999999987	2.22999999999956	2.28999999999996	2.38999999999942	2.36999999999989	2.39000000000124
"97"	3.34999999999991	2.38999999999987	2.30999999999995	2.39000000000033	2.39000000000033	2.43000000000029	2.53999999999905
"98"	3.43000000000006	2.42000000000007	2.25	2.30000000000018	2.38999999999942	2.41000000000076	2.5
"99"	3.32999999999993	2.31999999999971	2.26999999999998	2.26999999999953	2.3100000000004	2.39000000000033	2.38999999999942
"100"	3.1099999999999	2.22000000000025	2.25	2.30000000000018	2.28999999999996	2.35999999999967	2.43000000000029
"101"	0.0299999999999727	0.0100000000002183	0.0199999999999818	0.0299999999997453	0.0100000000002183	0.0100000000002183	0.0300000000006548
"102"	3.47000000000003	2.38999999999987	2.22999999999956	2.28999999999996	2.38999999999942	2.36999999999989	2.39000000000124
"103"	3.34999999999991	2.38999999999987	2.30999999999995	2.39000000000033	2.39000000000033	2.43000000000029	2.53999999999905
"104"	3.43000000000006	2.42000000000007	2.25	2.30000000000018	2.38999999999942	2.41000000000076	2.5
"105"	3.32999999999993	2.31999999999971	2.26999999999998	2.26999999999953	2.3100000000004	2.39000000000033	2.38999999999942
"106"	3.1099999999999	2.22000000000025	2.25	2.30000000000018	2.28999999999996	2.35999999999967	2.43000000000029
"107"	0.0299999999999727	0.0100000000002183	0.0199999999999818	0.0299999999997453	0.0100000000002183	0.0100000000002183	0.0300000000006548
"108"	3.47000000000003	2.38999999999987	2.22999999999956	2.28999999999996	2.38999999999942	2.36999999999989	2.39000000000124
"109"	3.34999999999991	2.38999999999987	2.30999999999995	2.39000000000033	2.39000000000033	2.43000000000029	2.53999999999905
"110"	3.43000000000006	2.42000000000007	2.25	2.30000000000018	2.38999999999942	2.41000000000076	2.5
"111"	3.32999999999993	2.31999999999971	2.26999999999998	2.26999999999953	2.3100000000004	2.39000000000033	2.38999999999942
"112"	3.1099999999999	2.22000000000025	2.25	2.30000000000018	2.28999999999996	2.35999999999967	2.43000000000029
"113"	0.0299999999999727	0.0100000000002183	0.0199999999999818	0.0299999999997453	0.0100000000002183	0.0100000000002183	0.0300000000006548
"114"	3.47000000000003	2.38999999999987	2.22999999999956	2.28999999999996	2.38999999999942	2.36999999999989	2.39000000000124
"115"	3.34999999999991	2.38999999999987	2.30999999999995	2.39000000000033	2.39000000000033	2.43000000000029	2.53999999999905
"116"	3.43000000000006	2.42000000000007	2.25	2.30000000000018	2.38999999999942	2.41000000000076	2.5
"117"	3.32999999999993	2.31999999999971	2.26999999999998	2.26999999999953	2.3100000000004	2.39000000000033	2.38999999999942
"118"	3.1099999999999	2.22000000000025	2.25	2.30000000000018	2.28999999999996	2.35999999999967	2.43000000000029
"119"	0.0299999999999727	0.0100000000002183	0.0199999999999818	0.0299999999997453	0.0100000000002183	0.0100000000002183	0.0300000000006548
"120"	3.47000000000003	2.38999999999987	2.22999999999956	2.28999999999996	2.38999999999942	2.36999999999989	2.39000000000124
"121"	3.34999999999991	2.38999999999987	2.30999999999995	2.39000000000033	2.39000000000033	2.43000000000029	2.53999999999905
"122"	3.43000000000006	2.42000000000007	2.25	2.30000000000018	2.38999999999942	2.41000000000076	2.5
"123"	3.32999999999993	2.31999999999971	2.26999999999998	2.26999999999953	2.3100000000004	2.39000000000033	2.38999999999942
"124"	3.1099999999999	2.22000000000025	2.25	2.30000000000018	2.28999999999996	2.35999999999967	2.43000000000029
"125"	0.0299999999999727	0.0100000000002183	0.0199999999999818	0.0299999999997453	0.0100000000002183	0.0100000000002183	0.0300000000006548
"126"	3.47000000000003	2.38999999999987	2.22999999999956	2.28999999999996	2.38999999999942	2.36999999999989	2.39000000000124
"127"	3.34999999999991	2.38999999999987	2.30999999999995	2.39000000000033	2.39000000000033	2.43000000000029	2.53999999999905
"128"	3.43000000000006	2.42000000000007	2.25	2.30000000000018	2.38999999999942	2.41000000000076	2.5
"129"	3.32999999999993	2.31999999999971	2.26999999999998	2.26999999999953	2.3100000000004	2.39000000000033	2.38999999999942
"130"	3.1099999999999	2.22000000000025	2.25	2.30000000000018	2.28999999999996	2.35999999999967	2.43000000000029
"131"	0.0299999999999727	0.0100000000002183	0.0199999999999818	0.0299999999997453	0.0100000000002183	0.0100000000002183	0.0300000000006548
"132"	3.47000000000003	2.38999999999987	2.22999999999956	2.28999999999996	2.38999999999942	2.36999999999989	2.39000000000124
"133"	3.34999999999991	2.38999999999987	2.30999999999995	2.39000000000033	2.39000000000033	2.43000000000029	2.53999999999905
"134"	3.43000000000006	2.42000000000007	2.25	2.30000000000018	2.38999999999942	2.41000000000076	2.5
"135"	3.32999999999993	2.31999999999971	2.26999999999998	2.26999999999953	2.3100000000004	2.39000000000033	2.38999999999942
"136"	3.1099999999999	2.22000000000025	2.25	2.30000000000018	2.28999999999996	2.35999999999967	2.43000000000029
"137"	0.0299999999999727	0.0100000000002183	0.0199999999999818	0.0299999999997453	0.0100000000002183	0.0100000000002183	0.0300000000006548
"138"	3.47000000000003	2.38999999999987	2.22999999999956	2.28999999999996	2.38999999999942	2.36999999999989	2.39000000000124
"139"	3.34999999999991	2.38999999999987	2.30999999999995	2.39000000000033	2.39000000000033	2.43000000000029	2.53999999999905
"140"	3.43000000000006	2.42000000000007	2.25	2.30000000000018	2.38999999999942	2.41000000000076	2.5
"141"	3.32999999999993	2.31999999999971	2.26999999999998	2.26999999999953	2.3100000000004	2.39000000000033	2.38999999999942
"142"	3.1099999999999	2.22000000000025	2.25	2.30000000000018	2.28999999999996	2.35999999999967	2.43000000000029
"143"	0.0299999999999727	0.0100000000002183	0.0199999999999818	0.0299999999997453	0.0100000000002183	0.0100000000002183	0.0300000000006548
"144"	3.47000000000003	2.38999999999987	2.22999999999956	2.28999999999996	2.38999999999942	2.36999999999989	2.39000000000124
"145"	3.34999999999991	2.38999999999987	2.30999999999995	2.39000000000033	2.39000000000033	2.43000000000029	2.53999999999905
"146"	3.43000000000006	2.42000000000007	2.25	2.30000000000018	2.38999999999942	2.41000000000076	2.5
"147"	3.32999999999993	2.31999999999971	2.26999999999998	2.26999999999953	2.3100000000004	2.39000000000033	2.38999999999942
"148"	3.1099999999999	2.22000000000025	2.25	2.30000000000018	2.28999999999996	2.35999999999967	2.43000000000029
"149"	0.0299999999999727	0.0100000000002183	0.0199999999999818	0.0299999999997453	0.0100000000002183	0.0100000000002183	0.0300000000006548
"150"	3.47000000000003	2.38999999999987	2.22999999999956	2.28999999999996	2.38999999999942	2.36999999999989	2.39000000000124
"151"	3.34999999999991	2.38999999999987	2.30999999999995	2.39000000000033	2.39000000000033	2.43000000000029	2.53999999999905
"152"	3.43000000000006	2.42000000000007	2.25	2.30000000000018	2.38999999999942	2.41000000000076	2.5
"153"	3.32999999999993	2.31999999999971	2.26999999999998	2.26999999999953	2.3100000000004	2.39000000000033	2.38999999999942
"154"	3.1099999999999	2.22000000000025	2.25	2.30000000000018	2.28999999999996	2.35999999999967	2.43000000000029
"155"	0.0299999999999727	0.0100000000002183	0.0199999999999818	0.0299999999997453	0.0100000000002183	0.0100000000002183	0.0300000000006548
"156"	3.47000000000003	2.38999999999987	2.22999999999956	2.28999999999996	2.38999999999942	2.36999999999989	2.39000000000124
"157"	3.34999999999991	2.38999999999987	2.30999999999995	2.39000000000033	2.39000000000033	2.43000000000029	2.53999999999905
"158"	3.43000000000006	2.42000000000007	2.25	2.30000000000018	2.38999999999942	2.41000000000076	2.5
"159"	3.32999999999993	2.31999999999971	2.26999999999998	2.26999999999953	2.3100000000004	2.39000000000033	2.38999999999942
"160"	3.1099999999999	2.22000000000025	2.25	2.30000000000018	2.28999999999996	2.35999999999967	2.43000000000029
"161"	0.0299999999999727	0.0100000000002183	0.0199999999999818	0.0299999999997453	0.0100000000002183	0.0100000000002183	0.0300000000006548
"162"	3.47000000000003	2.38999999999987	2.22999999999956	2.28999999999996	2.38999999999942	2.36999999999989	2.39000000000124
"163"	3.34999999999991	2.38999999999987	2.30999999999995	2.39000000000033	2.39000000000033	2.43000000000029	2.53999999999905
"164"	3.43000000000006	2.42000000000007	2.25	2.30000000000018	2.38999999999942	2.41000000000076	2.5
"165"	3.32999999999993	2.31999999999971	2.26999999999998	2.26999999999953	2.3100000000004	2.39000000000033	2.38999999999942
"166"	3.1099999999999	2.22000000000025	2.25	2.30000000000018	2.28999999999996	2.35999999999967	2.43000000000029
"167"	0.0299999999999727	0.0100000000002183	0.0199999999999818	0.0299999999997453	0.0100000000002183	0.0100000000002183	0.0300000000006548
"168"	3.47000000000003	2.38999999999987	2.22999999999956	2.28999999999996	2.38999999999942	2.36999999999989	2.39000000000124
"169"	3.34999999999991	2.38999999999987	2.30999999999995	2.39000000000033	2.39000000000033	2.43000000000029	2.53999999999905
"170"	3.43000000000006	2.42000000000007	2.25	2.30000000000018	2.38999999999942	2.41000000000076	2.5
"171"	3.32999999999993	2.31999999999971	2.26999999999998	2.26999999999953	2.3100000000004	2.39000000000033	2.38999999999942
"172"	3.1099999999999	2.22000000000025	2.25	2.30000000000018	2.28999999999996	2.35999999999967	2.43000000000029
"173"	0.0299999999999727	0.0100000000002183	0.0199999999999818	0.0299999999997453	0.0100000000002183	0.0100000000002183	0.0300000000006548
"174"	3.47000000000003	2.38999999999987	2.22999999999956	2.28999999999996	2.38999999999942	2.36999999999989	2.39000000000124
"175"	3.34999999999991	2.38999999999987	2.30999999999995	2.39000000000033	2.39000000000033	2.43000000000029	2.53999999999905
"176"	3.43000000000006	2.42000000000007	2.25	2.30000000000018	2.38999999999942	2.41000000000076	2.5
"177"	3.32999999999993	2.31999999999971	2.26999999999998	2.26999999999953	2.3100000000004	2.39000000000033	2.38999999999942
"178"	3.1099999999999	2.22000000000025	2.25	2.30000000000018	2.28999999999996	2.35999999999967	2.43000000000029
"179"	0.0299999999999727	0.0100000000002183	0.0199999999999818	0.0299999999997453	0.0100000000002183	0.0100000000002183	0.0300000000006548
"180"	3.47000000000003	2.38999999999987	2.22999999999956	2.28999999999996	2.38999999999942	2.36999999999989	2.39000000000124
"181"	3.34999999999991	2.38999999999987	2.30999999999995	2.39000000000033	2.39000000000033	2.43000000000029	2.53999999999905
"182"	3.43000000000006	2.42000000000007	2.25	2.30000000000018	2.38999999999942	2.41000000000076	2.5
"183"	3.32999999999993	2.31999999999971	2.26999999999998	2.26999999999953	2.3100000000004	2.39000000000033	2.38999999999942
"184"	3.1099999999999	2.22000000000025	2.25	2.30000000000018	2.28999999999996	2.35999999999967	2.43000000000029
"185"	0.0299999999999727	0.0100000000002183	0.0199999999999818	0.0299999999997453	0.0100000000002183	0.0100000000002183	0.0300000000006548
"186"	3.47000000000003	2.38999999999987	2.22999999999956	2.28999999999996	2.38999999999942	2.36999999999989	2.39000000000124
"187"	3.34999999999991	2.38999999999987	2.30999999999995	2.39000000000033	2.39000000000033	2.43000000000029	2.53999999999905
"188"	3.43000000000006	2.42000000000007	2.25	2.30000000000018	2.38999999999942	2.41000000000076	2.5
"189"	3.32999999999993	2.31999999999971	2.26999999999998	2.26999999999953	2.3100000000004	2.39000000000033	2.38999999999942
"190"	3.1099999999999	2.22000000000025	2.25	2.30000000000018	2.28999999999996	2.35999999999967	2.43000000000029
"191"	0.0299999999999727	0.0100000000002183	0.0199999999999818	0.0299999999997453	0.0100000000002183	0.0100000000002183	0.0300000000006548
"192"	3.47000000000003	2.38999999999987	2.22999999999956	2.28999999999996	2.38999999999942	2.36999999999989	2.39000000000124
"193"	3.34999999999991	2.38999999999987	2.30999999999995	2.39000000000033	2.39000000000033	2.43000000000029	2.53999999999905
"194"	3.43000000000006	2.42000000000007	2.25	2.30000000000018	2.38999999999942	2.41000000000076	2.5
"195"	3.32999999999993	2.31999999999971	2.26999999999998	2.26999999999953	2.3100000000004	2.39000000000033	2.38999999999942
"196"	3.1099999999999	2.22000000000025	2.25	2.30000000000018	2.28999999999996	2.35999999999967	2.43000000000029
"197"	0.0299999999999727	0.0100000000002183	0.0199999999999818	0.0299999999997453	0.0100000000002183	0.0100000000002183	0.0300000000006548
"198"	3.47000000000003	2.38999999999987	2.22999999999956	2.28999999999996	2.38999999999942	2.36999999999989	2.39000000000124
"199"	3.34999999999991	2.38999999999987	2.30999999999995	2.39000000000033	2.39000000000033	2.43000000000029	2.53999999999905
"200"	3.43000000000006	2.42000000000007	2.25	2.30000000000018	2.38999999999942	2.41000000000076	2.5
"201"	3.32999999999993	2.31999999999971	2.26999999999998	2.26999999999953	2.3100000000004	2.39000000000033	2.38999999999942
"202"	3.1099999999999	2.22000000000025	2.25	2.30000000000018	2.28999999999996	2.35999999999967	2.43000000000029
"203"	0.0299999999999727	0.0100000000002183	0.0199999999999818	0.0299999999997453	0.0100000000002183	0.0100000000002183	0.0300000000006548
"204"	3.47000000000003	2.38999999999987	2.22999999999956	2.28999999999996	2.38999999999942	2.36999999999989	2.39000000000124
"205"	3.34999999999991	2.38999999999987	2.30999999999995	2.39000000000033	2.39000000000033	2.43000000000029	2.53999999999905
"206"	3.43000000000006	2.42000000000007	2.25	2.30000000000018	2.38999999999942	2.41000000000076	2.5
"207"	3.32999999999993	2.31999999999971	2.26999999999998	2.26999999999953	2.3100000000004	2.39000000000033	2.38999999999942
"208"	3.1099999999999	2.22000000000025	2.25	2.30000000000018	2.28999999999996	2.35999999999967	2.43000000000029
"209"	0.0299999999999727	0.0100000000002183	0.0199999999999818	0.0299999999997453	0.0100000000002183	0.0100000000002183	0.0300000000006548
"210"	3.47000000000003	2.38999999999987	2.22999999999956	2.28999999999996	2.38999999999942	2.36999999999989	2.39000000000124
"211"	3.34999999999991	2.38999999999987	2.30999999999995	2.39000000000033	2.39000000000033	2.43000000000029	2.53999999999905
"212"	3.43000000000006	2.42000000000007	2.25	2.30000000000018	2.38999999999942	2.41000000000076	2.5
"213"	3.32999999999993	2.31999999999971	2.26999999999998	2.26999999999953	2.3100000000004	2.39000000000033	2.38999999999942
"214"	3.1099999999999	2.22000000000025	2.25	2.30000000000018	2.28999999999996	2.35999999999967	2.43000000000029
"215"	0.0299999999999727	0.0100000000002183	0.0199999999999818	0.0299999999997453	0.0100000000002183	0.0100000000002183	0.0300000000006548
"216"	3.47000000000003	2.38999999999987	2.22999999999956	2.28999999999996	2.38999999999942	2.36999999999989	2.39000000000124
"217"	3.34999999999991	2.38999999999987	2.30999999999995	2.39000000000033	2.39000000000033	2.43000000000029	2.53999999999905
"218"	3.43000000000006	2.42000000000007	2.25	2.30000000000018	2.38999999999942	2.41000000000076	2.5
"219"	3.32999999999993	2.31999999999971	2.26999999999998	2.26999999999953	2.3100000000004	2.39000000000033	2.38999999999942
"220"	3.1099999999999	2.22000000000025	2.25	2.30000000000018	2.28999999999996	2.35999999999967	2.43000000000029
"221"	0.0299999999999727	0.0100000000002183	0.0199999999999818	0.0299999999997453	0.0100000000002183	0.0100000000002183	0.0300000000006548
"222"	3.47000000000003	2.38999999999987	2.22999999999956	2.28999999999996	2.38999999999942	2.36999999999989	2.39000000000124
"223"	3.34999999999991	2.38999999999987	2.30999999999995	2.39000000000033	2.39000000000033	2.43000000000029	2.53999999999905
"224"	3.43000000000006	2.42000000000007	2.25	2.30000000000018	2.38999999999942	2.41000000000076	2.5
"225"	3.32999999999993	2.31999999999971	2.26999999999998	2.26999999999953	2.3100000000004	2.39000000000033	2.38999999999942
"226"	3.1099999999999	2.22000000000025	2.25	2.30000000000018	2.28999999999996	2.35999999999967	2.43000000000029
"227"	0.0299999999999727	0.0100000000002183	0.0199999999999818	0.0299999999997453	0.0100000000002183	0.0100000000002183	0.0300000000006548
"228"	3.47000000000003	2.38999999999987	2.22999999999956	2.28999999999996	2.38999999999942	2.36999999999989	2.39000000000124
"229"	3.34999999999991	2.38999999999987	2.30999999999995	2.39000000000033	2.39000000000033	2.43000000000029	2.53999999999905
"230"	3.43000000000006	2.42000000000007	2.25	2.30000000000018	2.38999999999942	2.41000000000076	2.5
"231"	3.32999999999993	2.31999999999971	2.26999999999998	2.26999999999953	2.3100000000004	2.39000000000033	2.38999999999942
"232"	3.1099999999999	2.22000000000025	2.25	2.30000000000018	2.28999999999996	2.35999999999967	2.43000000000029
"233"	0.0299999999999727	0.0100000000002183	0.0199999999999818	0.0299999999997453	0.0100000000002183	0.0100000000002183	0.0300000000006548
"234"	3.47000000000003	2.38999999999987	2.22999999999956	2.28999999999996	2.38999999999942	2.36999999999989	2.39000000000124
"235"	3.34999999999991	2.38999999999987	2.30999999999995	2.39000000000033	2.39000000000033	2.43000000000029	2.53999999999905
"236"	3.43000000000006	2.42000000000007	2.25	2.30000000000018	2.38999999999942	2.41000000000076	2.5
"237"	3.32999999999993	2.31999999999971	2.26999999999998	2.26999999999953	2.3100000000004	2.39000000000033	2.38999999999942
"238"	3.1099999999999	2.22000000000025	2.25	2.30000000000018	2.28999999999996	2.35999999999967	2.43000000000029
"239"	0.0299999999999727	0.0100000000002183	0.0199999999999818	0.0299999999997453	0.0100000000002183	0.0100000000002183	0.0300000000006548
"240"	3.47000000000003	2.38999999999987	2.22999999999956	2.28999999999996	2.38999999999942	2.36999999999989	2.39000000000124
"241"	3.34999999999991	2.38999999999987	2.30999999999995	2.39000000000033	2.39000000000033	2.43000000000029	2.53999999999905
"242"	3.43000000000006	2.42000000000007	2.25	2.30000000000018	2.38999999999942	2.41000000000076	2.5
"243"	3.32999999999993	2.31999999999971	2.26999999999998	2.26999999999953	2.3100000000004	2.39000000000033	2.38999999999942
"244"	3.1099999999999	2.22000000000025	2.25	2.30000000000018	2.28999999999996	2.35999999999967	2.43000000000029
"245"	0.0299999999999727	0.0100000000002183	0.0199999999999818	0.0299999999997453	0.0100000000002183	0.0100000000002183	0.0300000000006548
"246"	3.47000000000003	2.38999999999987	2.22999999999956	2.28999999999996	2.38999999999942	2.36999999999989	2.39000000000124
"247"	3.34999999999991	2.38999999999987	2.30999999999995	2.39000000000033	2.39000000000033	2.43000000000029	2.53999999999905
"248"	3.43000000000006	2.42000000000007	2.25	2.30000000000018	2.38999999999942	2.41000000000076	2.5
"249"	3.32999999999993	2.31999999999971	2.26999999999998	2.26999999999953	2.3100000000004	2.39000000000033	2.38999999999942
"250"	3.1099999999999	2.22000000000025	2.25	2.30000000000018	2.28999999999996	2.35999999999967	2.43000000000029
"251"	0.0299999999999727	0.0100000000002183	0.0199999999999818	0.0299999999997453	0.0100000000002183	0.0100000000002183	0.0300000000006548
"252"	3.47000000000003	2.38999999999987	2.22999999999956	2.28999999999996	2.38999999999942	2.36999999999989	2.39000000000124
"253"	3.34999999999991	2.38999999999987	2.30999999999995	2.39000000000033	2.39000000000033	2.43000000000029	2.53999999999905
"254"	3.43000000000006	2.42000000000007	2.25	2.30000000000018	2.38999999999942	2.41000000000076	2.5
"255"	3.32999999999993	2.31999999999971	2.26999999999998	2.26999999999953	2.3100000000004	2.39000000000033	2.38999999999942
"256"	3.1099999999999	2.22000000000025	2.25	2.30000000000018	2.28999999999996	2.35999999999967	2.43000000000029
"257"	0.0299999999999727	0.0100000000002183	0.0199999999999818	0.0299999999997453	0.0100000000002183	0.0100000000002183	0.0300000000006548
"258"	3.47000000000003	2.38999999999987	2.22999999999956	2.28999999999996	2.38999999999942	2.36999999999989	2.39000000000124
"259"	3.34999999999991	2.38999999999987	2.30999999999995	2.39000000000033	2.39000000000033	2.43000000000029	2.53999999999905
"260"	3.43000000000006	2.42000000000007	2.25	2.30000000000018	2.38999999999942	2.41000000000076	2.5
"261"	3.32999999999993	2.31999999999971	2.26999999999998	2.26999999999953	2.3100000000004	2.39000000000033	2.38999999999942
"262"	3.1099999999999	2.22000000000025	2.25	2.30000000000018	2.28999999999996	2.35999999999967	2.43000000000029
"263"	0.0299999999999727	0.0100000000002183	0.0199999999999818	0.0299999999997453	0.0100000000002183	0.0100000000002183	0.0300000000006548
"264"	3.47000000000003	2.38999999999987	2.22999999999956	2.28999999999996	2.38999999999942	2.36999999999989	2.39000000000124
"265"	3.34999999999991	2.38999999999987	2.30999999999995	2.39000000000033	2.39000000000033	2.43000000000029	2.53999999999905
"266"	3.43000000000006	2.42000000000007	2.25	2.30000000000018	2.38999999999942	2.41000000000076	2.5
"267"	3.32999999999993	2.31999999999971	2.26999999999998	2.26999999999953	2.3100000000004	2.39000000000033	2.38999999999942
"268"	3.1099999999999	2.22000000000025	2.25	2.30000000000018	2.28999999999996	2.35999999999967	2.43000000000029
"269"	0.0299999999999727	0.0100000000002183	0.0199999999999818	0.0299999999997453	0.0100000000002183	0.0100000000002183	0.0300000000006548
"270"	3.47000000000003	2.38999999999987	2.22999999999956	2.28999999999996	2.38999999999942	2.36999999999989	2.39000000000124
"271"	3.34999999999991	2.38999999999987	2.30999999999995	2.39000000000033	2.39000000000033	2.43000000000029	2.53999999999905
"272"	3.43000000000006	2.42000000000007	2.25	2.30000000000018	2.38999999999942	2.41000000000076	2.5
"273"	3.32999999999993	2.31999999999971	2.26999999999998	2.26999999999953	2.3100000000004	2.39000000000033	2.38999999999942
"274"	3.1099999999999	2.22000000000025	2.25	2.30000000000018	2.28999999999996	2.35999999999967	2.43000000000029
"275"	0.0299999999999727	0.0100000000002183	0.0199999999999818	0.0299999999997453	0.0100000000002183	0.0100000000002183	0.0300000000006548
"276"	3.47000000000003	2.38999999999987	2.22999999999956	2.28999999999996	2.38999999999942	2.36999999999989	2.39000000000124
"277"	3.34999999999991	2.38999999999987	2.30999999999995	2.39000000000033	2.39000000000033	2.43000000000029	2.53999999999905
"278"	3.43000000000006	2.42000000000007	2.25	2.30000000000018	2.38999999999942	2.41000000000076	2.5
"279"	3.32999999999993	2.31999999999971	2.26999999999998	2.26999999999953	2.3100000000004	2.39000000000033	2.38999999999942
"280"	3.1099999999999	2.22000000000025	2.25	2.30000000000018	2.28999999999996	2.35999999999967	2.43000000000029
"281"	0.0299999999999727	0.0100000000002183	0.0199999999999818	0.0299999999997453	0.0100000000002183	0.0100000000002183	0.0300000000006548
"282"	3.47000000000003	2.38999999999987	2.22999999999956	2.28999999999996	2.38999999999942	2.36999999999989	2.39000000000124
"283"	3.34999999999991	2.38999999999987	2.30999999999995	2.39000000000033	2.39000000000033	2.43000000000029	2.53999999999905
"284"	3.43000000000006	2.42000000000007	2.25	2.30000000000018	2.38999999999942	2.41000000000076	2.5
"285"	3.32999999999993	2.31999999999971	2.26999999999998	2.26999999999953	2.3100000000004	2.39000000000033	2.38999999999942
"286"	3.1099999999999	2.22000000000025	2.25	2.30000000000018	2.28999999999996	2.35999999999967	2.43000000000029
"287"	0.0299999999999727	0.0100000000002183	0.0199999999999818	0.0299999999997453	0.0100000000002183	0.0100000000002183	0.0300000000006548
"288"	3.47000000000003	2.38999999999987	2.22999999999956	2.28999999999996	2.38999999999942	2.36999999999989	2.39000000000124
"289"	3.34999999999991	2.38999999999987	2.30999999999995	2.39000000000033	2.39000000000033	2.43000000000029	2.53999999999905
"290"	3.43000000000006	2.42000000000007	2.25	2.30000000000018	2.38999999999942	2.41000000000076	2.5
"291"	3.32999999999993	2.31999999999971	2.26999999999998	2.26999999999953	2.3100000000004	2.39000000000033	2.38999999999942
"292"	3.1099999999999	2.22000000000025	2.25	2.30000000000018	2.28999999999996	2.35999999999967	2.43000000000029
"293"	0.0299999999999727	0.0100000000002183	0.0199999999999818	0.0299999999997453	0.0100000000002183	0.0100000000002183	0.0300000000006548
"294"	3.47000000000003	2.38999999999987	2.22999999999956	2.28999999999996	2.38999999999942	2.36999999999989	2.39000000000124
"295"	3.34999999999991	2.38999999999987	2.30999999999995	2.39000000000033	2.39000000000033	2.43000000000029	2.53999999999905
"296"	3.43000000000006	2.42000000000007	2.25	2.30000000000018	2.38999999999942	2.41000000000076	2.5
"297"	3.32999999999993	2.31999999999971	2.26999999999998	2.26999999999953	2.3100000000004	2.39000000000033	2.38999999999942
"298"	3.1099999999999	2.22000000000025	2.25	2.30000000000018	2.28999999999996	2.35999999999967	2.43000000000029
"299"	0.0299999999999727	0.0100000000002183	0.0199999999999818	0.0299999999997453	0.0100000000002183	0.0100000000002183	0.0300000000006548
"300"	3.47000000000003	2.38999999999987	2.22999999999956	2.28999999999996	2.38999999999942	2.36999999999989	2.39000000000124
"301"	3.34999999999991	2.38999999999987	2.30999999999995	2.39000000000033	2.39000000000033	2.43000000000029	2.53999999999905
"302"	3.43000000000006	2.42000000000007	2.25	2.30000000000018	2.38999999999942	2.41000000000076	2.5
"303"	3.32999999999993	2.31999999999971	2.26999999999998	2.26999999999953	2.3100000000004	2.39000000000033	2.38999999999942
"304"	3.1099999999999	2.22000000000025	2.25	2.30000000000018	2.28999999999996	2.35999999999967	2.43000000000029
"305"	0.0299999999999727	0.0100000000002183	0.0199999999999818	0.0299999999997453	0.0100000000002183	0.0100000000002183	0.0300000000006548
"306"	3.47000000000003	2.38999999999987	2.22999999999956	2.28999999999996	2.38999999999942	2.36999999999989	2.39000000000124
"307"	3.34999999999991	2.38999999999987	2.30999999999995	2.39000000000033	2.39000000000033	2.43000000000029	2.53999999999905
"308"	3.43000000000006	2.42000000000007	2.25	2.30000000000018	2.38999999999942	2.41000000000076	2.5
"309"	3.32999999999993	2.31999999999971	2.26999999999998	2.26999999999953	2.3100000000004	2.39000000000033	2.38999999999942
"310"	3.1099999999999	2.22000000000025	2.25	2.30000000000018	2.28999999999996	2.35999999999967	2.43000000000029
"311"	0.0299999999999727	0.0100000000002183	0.0199999999999818	0.0299999999997453	0.0100000000002183	0.0100000000002183	0.0300000000006548
"312"	3.47000000000003	2.38999999999987	2.22999999999956	2.28999999999996	2.38999999999942	2.36999999999989	2.39000000000124
"313"	3.34999999999991	2.38999999999987	2.30999999999995	2.39000000000033	2.39000000000033	2.43000000000029	2.53999999999905
"314"	3.43000000000006	2.42000000000007	2.25	2.30000000000018	2.38999999999942	2.41000000000076	2.5
"315"	3.32999999999993	2.31999999999971	2.26999999999998	2.26999999999953	2.3100000000004	2.39000000000033	2.38999999999942
"316"	3.1099999999999	2.22000000000025	2.25	2.30000000000018	2.28999999999996	2.35999999999967	2.43000000000029
"317"	0.0299999999999727	0.0100000000002183	0.0199999999999818	0.0299999999997453	0.0100000000002183	0.0100000000002183	0.0300000000006548
"318"	3.47000000000003	2.38999999999987	2.22999999999956	2.28999999999996	2.38999999999942	2.36999999999989	2.39000000000124
"319"	3.34999999999991	2.38999999999987	2.30999999999995	2.39000000000033	2.39000000000033	2.43000000000029	2.53999999999905
"320"	3.43000000000006	2.42000000000007	2.25	2.30000000000018	2.38999999999942	2.41000000000076	2.5
"321"	3.32999999999993	2.31999999999971	2.26999999999998	2.26999999999953	2.3100000000004	2.39000000000033	2.38999999999942
"322"	3.1099999999999	2.22000000000025	2.25	2.30000000000018	2.28999999999996	2.35999999999967	2.43000000000029
"323"	0.0299999999999727	0.0100000000002183	0.0199999999999818	0.0299999999997453	0.0100000000002183	0.0100000000002183	0.0300000000006548
"324"	3.47000000000003	2.38999999999987	2.22999999999956	2.28999999999996	2.38999999999942	2.36999999999989	2.39000000000124
"325"	3.34999999999991	2.38999999999987	2.30999999999995	2.39000000000033	2.39000000000033	2.43000000000029	2.53999999999905
"326"	3.43000000000006	2.42000000000007	2.25	2.30000000000018	2.38999999999942	2.41000000000076	2.5
"327"	3.32999999999993	2.31999999999971	2.26999999999998	2.26999999999953	2.3100000000004	2.39000000000033	2.38999999999942
"328"	3.1099999999999	2.22000000000025	2.25	2.30000000000018	2.28999999999996	2.35999999999967	2.43000000000029
"329"	0.0299999999999727	0.0100000000002183	0.0199999999999818	0.0299999999997453	0.0100000000002183	0.0100000000002183	0.0300000000006548
"330"	3.47000000000003	2.38999999999987	2.22999999999956	2.28999999999996	2.38999999999942	2.36999999999989	2.39000000000124
"331"	3.34999999999991	2.38999999999987	2.30999999999995	2.39000000000033	2.39000000000033	2.43000000000029	2.53999999999905
"332"	3.43000000000006	2.42000000000007	2.25	2.30000000000018	2.38999999999942	2.41000000000076	2.5
"333"	3.32999999999993	2.31999999999971	2.26999999999998	2.26999999999953	2.3100000000004	2.39000000000033	2.38999999999942
"334"	3.1099999999999	2.22000000000025	2.25	2.30000000000018	2.28999999999996	2.35999999999967	2.43000000000029
"335"	0.0299999999999727	0.0100000000002183	0.0199999999999818	0.0299999999997453	0.0100000000002183	0.0100000000002183	0.0300000000006548
"336"	3.47000000000003	2.38999999999987	2.22999999999956	2.28999999999996	2.38999999999942	2.36999999999989	2.39000000000124
"337"	3.34999999999991	2.38999999999987	2.30999999999995	2.39000000000033	2.39000000000033	2.43000000000029	2.53999999999905
"338"	3.43000000000006	2.42000000000007	2.25	2.30000000000018	2.38999999999942	2.41000000000076	2.5
"339"	3.32999999999993	2.31999999999971	2.26999999999998	2.26999999999953	2.3100000000004	2.39000000000033	2.38999999999942
"340"	3.1099999999999	2.22000000000025	2.25	2.30000000000018	2.28999999999996	2.35999999999967	2.43000000000029
"341"	0.0299999999999727	0.0100000000002183	0.0199999999999818	0.0299999999997453	0.0100000000002183	0.0100000000002183	0.0300000000006548
"342"	3.47000000000003	2.38999999999987	2.22999999999956	2.28999999999996	2.38999999999942	2.36999999999989	2.39000000000124
"343"	3.34999999999991	2.38999999999987	2.30999999999995	2.39000000000033	2.39000000000033	2.43000000000029	2.53999999999905
"344"	3.43000000000006	2.42000000000007	2.25	2.30000000000018	2.38999999999942	2.41000000000076	2.5
"345"	3.32999999999993	2.31999999999971	2.26999999999998	2.26999999999953	2.3100000000004	2.39000000000033	2.38999999999942
"346"	3.1099999999999	2.22000000000025	2.25	2.30000000000018	2.28999999999996	2.35999999999967	2.43000000000029
"347"	0.0299999999999727	0.0100000000002183	0.0199999999999818	0.0299999999997453	0.0100000000002183	0.0100000000002183	0.0300000000006548
"348"	3.47000000000003	2.38999999999987	2.22999999999956	2.28999999999996	2.38999999999942	2.36999999999989	2.39000000000124
"349"	3.34999999999991	2.38999999999987	2.30999999999995	2.39000000000033	2.39000000000033	2.43000000000029	2.53999999999905
"350"	3.43000000000006	2.42000000000007	2.25	2.30000000000018	2.38999999999942	2.41000000000076	2.5
"351"	3.32999999999993	2.31999999999971	2.26999999999998	2.26999999999953	2.3100000000004	2.39000000000033	2.38999999999942
"352"	3.1099999999999	2.22000000000025	2.25	2.30000000000018	2.28999999999996	2.35999999999967	2.43000000000029
"353"	0.0299999999999727	0.0100000000002183	0.0199999999999818	0.0299999999997453	0.0100000000002183	0.0100000000002183	0.0300000000006548
"354"	3.47000000000003	2.38999999999987	2.22999999999956	2.28999999999996	2.38999999999942	2.36999999999989	2.39000000000124
"355"	3.34999999999991	2.38999999999987	2.30999999999995	2.39000000000033	2.39000000000033	2.43000000000029	2.53999999999905
"356"	3.43000000000006	2.42000000000007	2.25	2.30000000000018	2.38999999999942	2.41000000000076	2.5
"357"	3.32999999999993	2.31999999999971	2.26999999999998	2.26999999999953	2.3100000000004	2.39000000000033	2.38999999999942
"358"	3.1099999999999	2.22000000000025	2.25	2.30000000000018	2.28999999999996	2.35999999999967	2.43000000000029
"359"	0.0299999999999727	0.0100000000002183	0.0199999999999818	0.0299999999997453	0.0100000000002183	0.0100000000002183	0.0300000000006548
"360"	3.47000000000003	2.38999999999987	2.22999999999956	2.28999999999996	2.38999999999942	2.36999999999989	2.39000000000124
"361"	3.34999999999991	2.38999999999987	2.30999999999995	2.39000000000033	2.39000000000033	2.43000000000029	2.53999999999905
"362"	3.43000000000006	2.42000000000007	2.25	2.30000000000018	2.38999999999942	2.41000000000076	2.5
"363"	3.32999999999993	2.31999999999971	2.26999999999998	2.26999999999953	2.3100000000004	2.39000000000033	2.38999999999942
"364"	3.1099999999999	2.22000000000025	2.25	2.30000000000018	2.28999999999996	2.35999999999967	2.43000000000029
"365"	0.0299999999999727	0.0100000000002183	0.0199999999999818	0.0299999999997453	0.0100000000002183	0.0100000000002183	0.0300000000006548
"366"	3.47000000000003	2.38999999999987	2.22999999999956	2.28999999999996	2.38999999999942	2.36999999999989	2.39000000000124
"367"	3.34999999999991	2.38999999999987	2.30999999999995	2.39000000000033	2.39000000000033	2.43000000000029	2.53999999999905
"368"	3.43000000000006	2.42000000000007	2.25	2.30000000000018	2.38999999999942	2.41000000000076	2.5
"369"	3.32999999999993	2.31999999999971	2.26999999999998	2.26999999999953	2.3100000000004	2.39000000000033	2.38999999999942
"370"	3.1099999999999	2.22000000000025	2.25	2.30000000000018	2.28999999999996	2.35999999999967	2.43000000000029
"371"	0.0299999999999727	0.0100000000002183	0.0199999999999818	0.0299999999997453	0.0100000000002183	0.0100000000002183	0.0300000000006548
"372"	3.47000000000003	2.38999999999987	2.22999999999956	2.28999999999996	2.38999999999942	2.36999999999989	2.39000000000124
"373"	3.34999999999991	2.38999999999987	2.30999999999995	2.39000000000033	2.39000000000033	2.43000000000029	2.53999999999905
"374"	3.43000000000006	2.42000000000007	2.25	2.30000000000018	2.38999999999942	2.41000000000076	2.5
"375"	3.32999999999993	2.31999999999971	2.26999999999998	2.26999999999953	2.3100000000004	2.39000000000033	2.38999999999942
"376"	3.1099999999999	2.22000000000025	2.25	2.30000000000018	2.28999999999996	2.35999999999967	2.43000000000029
"377"	0.0299999999999727	0.0100000000002183	0.0199999999999818	0.0299999999997453	0.0100000000002183	0.0100000000002183	0.0300000000006548
"378"	3.47000000000003	2.38999999999987	2.22999999999956	2.28999999999996	2.38999999999942	2.36999999999989	2.39000000000124
"379"	3.34999999999991	2.38999999999987	2.30999999999995	2.39000000000033	2.39000000000033	2.43000000000029	2.53999999999905
"380"	3.43000000000006	2.42000000000007	2.25	2.30000000000018	2.38999999999942	2.41000000000076	2.5
"381"	3.32999999999993	2.31999999999971	2.26999999999998	2.26999999999953	2.3100000000004	2.39000000000033	2.38999999999942
"382"	3.1099999999999	2.22000000000025	2.25	2.30000000000018	2.28999999999996	2.35999999999967	2.43000000000029
"383"	0.0299999999999727	0.0100000000002183	0.0199999999999818	0.0299999999997453	0.0100000000002183	0.0100000000002183	0.0300000000006548
"384"	3.47000000000003	2.38999999999987	2.22999999999956	2.28999999999996	2.38999999999942	2.36999999999989	2.39000000000124
"385"	3.34999999999991	2.38999999999987	2.30999999999995	2.39000000000033	2.39000000000033	2.43000000000029	2.53999999999905
"386"	3.43000000000006	2.42000000000007	2.25	2.30000000000018	2.38999999999942	2.41000000000076	2.5
"387"	3.32999999999993	2.31999999999971	2.26999999999998	2.26999999999953	2.3100000000004	2.39000000000033	2.38999999999942
"388"	3.1099999999999	2.22000000000025	2.25	2.30000000000018	2.28999999999996	2.35999999999967	2.43000000000029
"389"	0.0299999999999727	0.0100000000002183	0.0199999999999818	0.0299999999997453	0.0100000000002183	0.0100000000002183	0.0300000000006548
"390"	3.47000000000003	2.38999999999987	2.22999999999956	2.28999999999996	2.38999999999942	2.36999999999989	2.39000000000124
"391"	3.34999999999991	2.38999999999987	2.30999999999995	2.39000000000033	2.39000000000033	2.43000000000029	2.53999999999905
"392"	3.43000000000006	2.42000000000007	2.25	2.30000000000018	2.38999999999942	2.41000000000076	2.5
"393"	3.32999999999993	2.31999999999971	2.26999999999998	2.26999999999953	2.3100000000004	2.39000000000033	2.38999999999942
"394"	3.1099999999999	2.22000000000025	2.25	2.30000000000018	2.28999999999996	2.35999999999967	2.43000000000029
"395"	0.0299999999999727	0.0100000000002183	0.0199999999999818	0.0299999999997453	0.0100000000002183	0.0100000000002183	0.0300000000006548
"396"	3.47000000000003	2.38999999999987	2.22999999999956	2.28999999999996	2.38999999999942	2.36999999999989	2.39000000000124
"397"	3.34999999999991	2.38999999999987	2.30999999999995	2.39000000000033	2.39000000000033	2.43000000000029	2.53999999999905
"398"	3.43000000000006	2.42000000000007	2.25	2.30000000000018	2.38999999999942	2.41000000000076	2.5
"399"	3.32999999999993	2.31999999999971	2.26999999999998	2.26999999999953	2.3100000000004	2.39000000000033	2.38999999999942
"400"	3.1099999999999	2.22000000000025	2.25	2.30000000000018	2.28999999999996	2.35999999999967	2.43000000000029
"401"	0.0299999999999727	0.0100000000002183	0.0199999999999818	0.0299999999997453	0.0100000000002183	0.0100000000002183	0.0300000000006548
"402"	3.47000000000003	2.38999999999987	2.22999999999956	2.28999999999996	2.38999999999942	2.36999999999989	2.39000000000124
"403"	3.34999999999991	2.38999999999987	2.30999999999995	2.39000000000033	2.39000000000033	2.43000000000029	2.53999999999905
"404"	3.43000000000006	2.42000000000007	2.25	2.30000000000018	2.38999999999942	2.41000000000076	2.5
"405"	3.32999999999993	2.31999999999971	2.26999999999998	2.26999999999953	2.3100000000004	2.39000000000033	2.38999999999942
"406"	3.1099999999999	2.22000000000025	2.25	2.30000000000018	2.28999999999996	2.35999999999967	2.43000000000029
"407"	0.0299999999999727	0.0100000000002183	0.0199999999999818	0.0299999999997453	0.0100000000002183	0.0100000000002183	0.0300000000006548
"408"	3.47000000000003	2.38999999999987	2.22999999999956	2.28999999999996	2.38999999999942	2.36999999999989	2.39000000000124
"409"	3.34999999999991	2.38999999999987	2.30999999999995	2.39000000000033	2.39000000000033	2.43000000000029	2.53999999999905
"410"	3.43000000000006	2.42000000000007	2.25	2.30000000000018	2.38999999999942	2.41000000000076	2.5
"411"	3.32999999999993	2.31999999999971	2.26999999999998	2.26999999999953	2.3100000000004	2.39000000000033	2.38999999999942
"412"	3.1099999999999	2.22000000000025	2.25	2.30000000000018	2.28999999999996	2.35999999999967	2.43000000000029
"413"	0.0299999999999727	0.0100000000002183	0.0199999999999818	0.0299999999997453	0.0100000000002183	0.0100000000002183	0.0300000000006548
"414"	3.47000000000003	2.38999999999987	2.22999999999956	2.28999999999996	2.38999999999942	2.36999999999989	2.39000000000124
"415"	3.34999999999991	2.38999999999987	2.30999999999995	2.39000000000033	2.39000000000033	2.43000000000029	2.53999999999905
"416"	3.43000000000006	2.42000000000007	2.25	2.30000000000018	2.38999999999942	2.41000000000076	2.5
"417"	3.32999999999993	2.31999999999971	2.26999999999998	2.26999999999953	2.3100000000004	2.39000000000033	2.38999999999942
"418"	3.1099999999999	2.22000000000025	2.25	2.30000000000018	2.28999999999996	2.35999999999967	2.43000000000029
"419"	0.0299999999999727	0.0100000000002183	0.0199999999999818	0.0299999999997453	0.0100000000002183	0.0100000000002183	0.0300000000006548
"420"	3.47000000000003	2.38999999999987	2.22999999999956	2.28999999999996	2.38999999999942	2.36999999999989	2.39000000000124
"421"	3.34999999999991	2.38999999999987	2.30999999999995	2.39000000000033	2.39000000000033	2.43000000000029	2.53999999999905
"422"	3.43000000000006	2.42000000000007	2.25	2.30000000000018	2.38999999999942	2.41000000000076	2.5
"423"	3.32999999999993	2.31999999999971	2.26999999999998	2.26999999999953	2.3100000000004	2.39000000000033	2.38999999999942
"424"	3.1099999999999	2.22000000000025	2.25	2.30000000000018	2.28999999999996	2.35999999999967	2.43000000000029
"425"	0.0299999999999727	0.0100000000002183	0.0199999999999818	0.0299999999997453	0.0100000000002183	0.0100000000002183	0.0300000000006548
"426"	3.47000000000003	2.38999999999987	2.22999999999956	2.28999999999996	2.38999999999942	2.36999999999989	2.39000000000124
"427"	3.34999999999991	2.38999999999987	2.30999999999995	2.39000000000033	2.39000000000033	2.43000000000029	2.53999999999905
"428"	3.43000000000006	2.42000000000007	2.25	2.30000000000018	2.38999999999942	2.41000000000076	2.5
"429"	3.32999999999993	2.31999999999971	2.26999999999998	2.26999999999953	2.3100000000004	2.39000000000033	2.38999999999942
"430"	3.1099999999999	2.22000000000025	2.25	2.30000000000018	2.28999999999996	2.35999999999967	2.43000000000029
"431"	0.0299999999999727	0.0100000000002183	0.0199999999999818	0.0299999999997453	0.0100000000002183	0.0100000000002183	0.0300000000006548
"432"	3.47000000000003	2.38999999999987	2.22999999999956	2.28999999999996	2.38999999999942	2.36999999999989	2.39000000000124
"433"	3.34999999999991	2.38999999999987	2.30999999999995	2.39000000000033	2.39000000000033	2.43000000000029	2.53999999999905
"434"	3.43000000000006	2.42000000000007	2.25	2.30000000000018	2.38999999999942	2.41000000000076	2.5
"435"	3.32999999999993	2.31999999999971	2.26999999999998	2.26999999999953	2.3100000000004	2.39000000000033	2.38999999999942
"436"	3.1099999999999	2.22000000000025	2.25	2.30000000000018	2.28999999999996	2.35999999999967	2.43000000000029
"437"	0.0299999999999727	0.0100000000002183	0.0199999999999818	0.0299999999997453	0.0100000000002183	0.0100000000002183	0.0300000000006548
"438"	3.47000000000003	2.38999999999987	2.22999999999956	2.28999999999996	2.38999999999942	2.36999999999989	2.39000000000124
"439"	3.34999999999991	2.38999999999987	2.30999999999995	2.39000000000033	2.39000000000033	2.43000000000029	2.53999999999905
"440"	3.43000000000006	2.42000000000007	2.25	2.30000000000018	2.38999999999942	2.41000000000076	2.5
"441"	3.32999999999993	2.31999999999971	2.26999999999998	2.26999999999953	2.3100000000004	2.39000000000033	2.38999999999942
"442"	3.1099999999999	2.22000000000025	2.25	2.30000000000018	2.28999999999996	2.35999999999967	2.43000000000029
"443"	0.0299999999999727	0.0100000000002183	0.0199999999999818	0.0299999999997453	0.0100000000002183	0.0100000000002183	0.0300000000006548
"444"	3.47000000000003	2.38999999999987	2.22999999999956	2.28999999999996	2.38999999999942	2.36999999999989	2.39000000000124
"445"	3.34999999999991	2.38999999999987	2.30999999999995	2.39000000000033	2.39000000000033	2.43000000000029	2.53999999999905
"446"	3.43000000000006	2.42000000000007	2.25	2.30000000000018	2.38999999999942	2.41000000000076	2.5
"447"	3.32999999999993	2.31999999999971	2.26999999999998	2.26999999999953	2.3100000000004	2.39000000000033	2.38999999999942
"448"	3.1099999999999	2.22000000000025	2.25	2.30000000000018	2.28999999999996	2.35999999999967	2.43000000000029
"449"	0.0299999999999727	0.0100000000002183	0.0199999999999818	0.0299999999997453	0.0100000000002183	0.0100000000002183	0.0300000000006548
"450"	3.47000000000003	2.38999999999987	2.22999999999956	2.28999999999996	2.38999999999942	2.36999999999989	2.39000000000124
"451"	3.34999999999991	2.38999999999987	2.30999999999995	2.39000000000033	2.39000000000033	2.43000000000029	2.53999999999905
"452"	3.43000000000006	2.42000000000007	2.25	2.30000000000018	2.38999999999942	2.41000000000076	2.5
"453"	3.32999999999993	2.31999999999971	2.26999999999998	2.26999999999953	2.3100000000004	2.39000000000033	2.38999999999942
"454"	3.1099999999999	2.22000000000025	2.25	2.30000000000018	2.28999999999996	2.35999999999967	2.43000000000029
"455"	0.0299999999999727	0.0100000000002183	0.0199999999999818	0.0299999999997453	0.0100000000002183	0.0100000000002183	0.0300000000006548
"456"	3.47000000000003	2.38999999999987	2.22999999999956	2.28999999999996	2.38999999999942	2.36999999999989	2.39000000000124
"457"	3.34999999999991	2.38999999999987	2.30999999999995	2.39000000000033	2.39000000000033	2.43000000000029	2.53999999999905
"458"	3.43000000000006	2.42000000000007	2.25	2.30000000000018	2.38999999999942	2.41000000000076	2.5
"459"	3.32999999999993	2.31999999999971	2.26999999999998	2.26999999999953	2.3100000000004	2.39000000000033	2.38999999999942
"460"	3.1099999999999	2.22000000000025	2.25	2.30000000000018	2.28999999999996	2.35999999999967	2.43000000000029
"461"	0.0299999999999727	0.0100000000002183	0.0199999999999818	0.0299999999997453	0.0100000000002183	0.0100000000002183	0.0300000000006548
"462"	3.47000000000003	2.38999999999987	2.22999999999956	2.28999999999996	2.38999999999942	2.36999999999989	2.39000000000124
"463"	3.34999999999991	2.38999999999987	2.30999999999995	2.39000000000033	2.39000000000033	2.43000000000029	2.53999999999905
"464"	3.43000000000006	2.42000000000007	2.25	2.30000000000018	2.38999999999942	2.41000000000076	2.5
"465"	3.32999999999993	2.31999999999971	2.26999999999998	2.26999999999953	2.3100000000004	2.39000000000033	2.38999999999942
"466"	3.1099999999999	2.22000000000025	2.25	2.30000000000018	2.28999999999996	2.35999999999967	2.43000000000029
"467"	0.0299999999999727	0.0100000000002183	0.0199999999999818	0.0299999999997453	0.0100000000002183	0.0100000000002183	0.0300000000006548
"468"	3.47000000000003	2.38999999999987	2.22999999999956	2.28999999999996	2.38999999999942	2.36999999999989	2.39000000000124
"469"	3.34999999999991	2.38999999999987	2.30999999999995	2.39000000000033	2.39000000000033	2.43000000000029	2.53999999999905
"470"	3.43000000000006	2.42000000000007	2.25	2.30000000000018	2.38999999999942	2.41000000000076	2.5
"471"	3.32999999999993	2.31999999999971	2.26999999999998	2.26999999999953	2.3100000000004	2.39000000000033	2.38999999999942
"472"	3.1099999999999	2.22000000000025	2.25	2.30000000000018	2.28999999999996	2.35999999999967	2.43000000000029
"473"	0.0299999999999727	0.0100000000002183	0.0199999999999818	0.0299999999997453	0.0100000000002183	0.0100000000002183	0.0300000000006548
"474"	3.47000000000003	2.38999999999987	2.22999999999956	2.28999999999996	2.38999999999942	2.36999999999989	2.39000000000124
"475"	3.34999999999991	2.38999999999987	2.30999999999995	2.39000000000033	2.39000000000033	2.43000000000029	2.53999999999905
"476"	3.43000000000006	2.42000000000007	2.25	2.30000000000018	2.38999999999942	2.41000000000076	2.5
"477"	3.32999999999993	2.31999999999971	2.26999999999998	2.26999999999953	2.3100000000004	2.39000000000033	2.38999999999942
"478"	3.1099999999999	2.22000000000025	2.25	2.30000000000018	2.28999999999996	2.35999999999967	2.43000000000029
"479"	0.0299999999999727	0.0100000000002183	0.0199999999999818	0.0299999999997453	0.0100000000002183	0.0100000000002183	0.0300000000006548
"480"	3.47000000000003	2.38999999999987	2.22999999999956	2.28999999999996	2.38999999999942	2.36999999999989	2.39000000000124
"481"	3.34999999999991	2.38999999999987	2.30999999999995	2.39000000000033	2.39000000000033	2.43000000000029	2.53999999999905
"482"	3.43000000000006	2.42000000000007	2.25	2.30000000000018	2.38999999999942	2.41000000000076	2.5
"483"	3.32999999999993	2.31999999999971	2.26999999999998	2.26999999999953	2.3100000000004	2.39000000000033	2.38999999999942
"484"	3.1099999999999	2.22000000000025	2.25	2.30000000000018	2.28999999999996	2.35999999999967	2.43000000000029
"485"	0.0299999999999727	0.0100000000002183	0.0199999999999818	0.0299999999997453	0.0100000000002183	0.0100000000002183	0.0300000000006548
"486"	3.47000000000003	2.38999999999987	2.22999999999956	2.28999999999996	2.38999999999942	2.36999999999989	2.39000000000124
"487"	3.34999999999991	2.38999999999987	2.30999999999995	2.39000000000033	2.39000000000033	2.43000000000029	2.53999999999905
"488"	3.43000000000006	2.42000000000007	2.25	2.30000000000018	2.38999999999942	2.41000000000076	2.5
"489"	3.32999999999993	2.31999999999971	2.26999999999998	2.26999999999953	2.3100000000004	2.39000000000033	2.38999999999942
"490"	3.1099999999999	2.22000000000025	2.25	2.30000000000018	2.28999999999996	2.35999999999967	2.43000000000029
"491"	0.0299999999999727	0.0100000000002183	0.0199999999999818	0.0299999999997453	0.0100000000002183	0.0100000000002183	0.0300000000006548
"492"	3.47000000000003	2.38999999999987	2.22999999999956	2.28999999999996	2.38999999999942	2.36999999999989	2.39000000000124
"493"	3.34999999999991	2.38999999999987	2.30999999999995	2.39000000000033	2.39000000000033	2.43000000000029	2.53999999999905
"494"	3.43000000000006	2.42000000000007	2.25	2.30000000000018	2.38999999999942	2.41000000000076	2.5
"495"	3.32999999999993	2.31999999999971	2.26999999999998	2.26999999999953	2.3100000000004	2.39000000000033	2.38999999999942
"496"	3.1099999999999	2.22000000000025	2.25	2.30000000000018	2.28999999999996	2.35999999999967	2.43000000000029
"497"	0.0299999999999727	0.0100000000002183	0.0199999999999818	0.0299999999997453	0.0100000000002183	0.0100000000002183	0.0300000000006548
"498"	3.47000000000003	2.38999999999987	2.22999999999956	2.28999999999996	2.38999999999942	2.36999999999989	2.39000000000124
"499"	3.34999999999991	2.38999999999987	2.30999999999995	2.39000000000033	2.39000000000033	2.43000000000029	2.53999999999905
"500"	3.43000000000006	2.42000000000007	2.25	2.30000000000018	2.38999999999942	2.41000000000076	2.5
"501"	3.32999999999993	2.31999999999971	2.26999999999998	2.26999999999953	2.3100000000004	2.39000000000033	2.38999999999942
"502"	3.1099999999999	2.22000000000025	2.25	2.30000000000018	2.28999999999996	2.35999999999967	2.43000000000029
"503"	0.0299999999999727	0.0100000000002183	0.0199999999999818	0.0299999999997453	0.0100000000002183	0.0100000000002183	0.0300000000006548
"504"	3.47000000000003	2.38999999999987	2.22999999999956	2.28999999999996	2.38999999999942	2.36999999999989	2.39000000000124
"505"	3.34999999999991	2.38999999999987	2.30999999999995	2.39000000000033	2.39000000000033	2.43000000000029	2.53999999999905
"506"	3.43000000000006	2.42000000000007	2.25	2.30000000000018	2.38999999999942	2.41000000000076	2.5
"507"	3.32999999999993	2.31999999999971	2.26999999999998	2.26999999999953	2.3100000000004	2.39000000000033	2.38999999999942
"508"	3.1099999999999	2.22000000000025	2.25	2.30000000000018	2.28999999999996	2.35999999999967	2.43000000000029
"509"	0.0299999999999727	0.0100000000002183	0.0199999999999818	0.0299999999997453	0.0100000000002183	0.0100000000002183	0.0300000000006548
"510"	3.47000000000003	2.38999999999987	2.22999999999956	2.28999999999996	2.38999999999942	2.36999999999989	2.39000000000124
"511"	3.34999999999991	2.38999999999987	2.30999999999995	2.39000000000033	2.39000000000033	2.43000000000029	2.53999999999905
"512"	3.43000000000006	2.42000000000007	2.25	2.30000000000018	2.38999999999942	2.41000000000076	2.5
"513"	3.32999999999993	2.31999999999971	2.26999999999998	2.26999999999953	2.3100000000004	2.39000000000033	2.38999999999942
"514"	3.1099999999999	2.22000000000025	2.25	2.30000000000018	2.28999999999996	2.35999999999967	2.43000000000029
"515"	0.0299999999999727	0.0100000000002183	0.0199999999999818	0.0299999999997453	0.0100000000002183	0.0100000000002183	0.0300000000006548
"516"	3.47000000000003	2.38999999999987	2.22999999999956	2.28999999999996	2.38999999999942	2.36999999999989	2.39000000000124
"517"	3.34999999999991	2.38999999999987	2.30999999999995	2.39000000000033	2.39000000000033	2.43000000000029	2.53999999999905
"518"	3.43000000000006	2.42000000000007	2.25	2.30000000000018	2.38999999999942	2.41000000000076	2.5
"519"	3.32999999999993	2.31999999999971	2.26999999999998	2.26999999999953	2.3100000000004	2.39000000000033	2.38999999999942
"520"	3.1099999999999	2.22000000000025	2.25	2.30000000000018	2.28999999999996	2.35999999999967	2.43000000000029
"521"	0.0299999999999727	0.0100000000002183	0.0199999999999818	0.0299999999997453	0.0100000000002183	0.0100000000002183	0.0300000000006548
"522"	3.47000000000003	2.38999999999987	2.22999999999956	2.28999999999996	2.38999999999942	2.36999999999989	2.39000000000124
"523"	3.34999999999991	2.38999999999987	2.30999999999995	2.39000000000033	2.39000000000033	2.43000000000029	2.53999999999905
"524"	3.43000000000006	2.42000000000007	2.25	2.30000000000018	2.38999999999942	2.41000000000076	2.5
"525"	3.32999999999993	2.31999999999971	2.26999999999998	2.26999999999953	2.3100000000004	2.39000000000033	2.38999999999942
"526"	3.1099999999999	2.22000000000025	2.25	2.30000000000018	2.28999999999996	2.35999999999967	2.43000000000029
"527"	0.0299999999999727	0.0100000000002183	0.0199999999999818	0.0299999999997453	0.0100000000002183	0.0100000000002183	0.0300000000006548
"528"	3.47000000000003	2.38999999999987	2.22999999999956	2.28999999999996	2.38999999999942	2.36999999999989	2.39000000000124
"529"	3.34999999999991	2.38999999999987	2.30999999999995	2.39000000000033	2.39000000000033	2.43000000000029	2.53999999999905
"530"	3.43000000000006	2.42000000000007	2.25	2.30000000000018	2.38999999999942	2.41000000000076	2.5
"531"	3.32999999999993	2.31999999999971	2.26999999999998	2.26999999999953	2.3100000000004	2.39000000000033	2.38999999999942
"532"	3.1099999999999	2.22000000000025	2.25	2.30000000000018	2.28999999999996	2.35999999999967	2.43000000000029
"533"	0.0299999999999727	0.0100000000002183	0.0199999999999818	0.0299999999997453	0.0100000000002183	0.0100000000002183	0.0300000000006548
"534"	3.47000000000003	2.38999999999987	2.22999999999956	2.28999999999996	2.38999999999942	2.36999999999989	2.39000000000124
"535"	3.34999999999991	2.38999999999987	2.30999999999995	2.39000000000033	2.39000000000033	2.43000000000029	2.53999999999905
"536"	3.43000000000006	2.42000000000007	2.25	2.30000000000018	2.38999999999942	2.41000000000076	2.5
"537"	3.32999999999993	2.31999999999971	2.26999999999998	2.26999999999953	2.3100000000004	2.39000000000033	2.38999999999942
"538"	3.1099999999999	2.22000000000025	2.25	2.30000000000018	2.28999999999996	2.35999999999967	2.43000000000029
"539"	0.0299999999999727	0.0100000000002183	0.0199999999999818	0.0299999999997453	0.0100000000002183	0.0100000000002183	0.0300000000006548
"540"	3.47000000000003	2.38999999999987	2.22999999999956	2.28999999999996	2.38999999999942	2.36999999999989	2.39000000000124
"541"	3.34999999999991	2.38999999999987	2.30999999999995	2.39000000000033	2.39000000000033	2.43000000000029	2.53999999999905
"542"	3.43000000000006	2.42000000000007	2.25	2.30000000000018	2.38999999999942	2.41000000000076	2.5
"543"	3.32999999999993	2.31999999999971	2.26999999999998	2.26999999999953	2.3100000000004	2.39000000000033	2.38999999999942
"544"	3.1099999999999	2.22000000000025	2.25	2.30000000000018	2.28999999999996	2.35999999999967	2.43000000000029
"545"	0.0299999999999727	0.0100000000002183	0.0199999999999818	0.0299999999997453	0.0100000000002183	0.0100000000002183	0.0300000000006548
"546"	3.47000000000003	2.38999999999987	2.22999999999956	2.28999999999996	2.38999999999942	2.36999999999989	2.39000000000124
"547"	3.34999999999991	2.38999999999987	2.30999999999995	2.39000000000033	2.39000000000033	2.43000000000029	2.53999999999905
"548"	3.43000000000006	2.42000000000007	2.25	2.30000000000018	2.38999999999942	2.41000000000076	2.5
"549"	3.32999999999993	2.31999999999971	2.26999999999998	2.26999999999953	2.3100000000004	2.39000000000033	2.38999999999942
"550"	3.1099999999999	2.22000000000025	2.25	2.30000000000018	2.28999999999996	2.35999999999967	2.43000000000029
"551"	0.0299999999999727	0.0100000000002183	0.0199999999999818	0.0299999999997453	0.0100000000002183	0.0100000000002183	0.0300000000006548
"552"	3.47000000000003	2.38999999999987	2.22999999999956	2.28999999999996	2.38999999999942	2.36999999999989	2.39000000000124
"553"	3.34999999999991	2.38999999999987	2.30999999999995	2.39000000000033	2.39000000000033	2.43000000000029	2.53999999999905
"554"	3.43000000000006	2.42000000000007	2.25	2.30000000000018	2.38999999999942	2.41000000000076	2.5
"555"	3.32999999999993	2.31999999999971	2.26999999999998	2.26999999999953	2.3100000000004	2.39000000000033	2.38999999999942
"556"	3.1099999999999	2.22000000000025	2.25	2.30000000000018	2.28999999999996	2.35999999999967	2.43000000000029
"557"	0.0299999999999727	0.0100000000002183	0.0199999999999818	0.0299999999997453	0.0100000000002183	0.0100000000002183	0.0300000000006548
"558"	3.47000000000003	2.38999999999987	2.22999999999956	2.28999999999996	2.38999999999942	2.36999999999989	2.39000000000124
"559"	3.34999999999991	2.38999999999987	2.30999999999995	2.39000000000033	2.39000000000033	2.43000000000029	2.53999999999905
"560"	3.43000000000006	2.42000000000007	2.25	2.30000000000018	2.38999999999942	2.41000000000076	2.5
"561"	3.32999999999993	2.31999999999971	2.26999999999998	2.26999999999953	2.3100000000004	2.39000000000033	2.38999999999942
"562"	3.1099999999999	2.22000000000025	2.25	2.30000000000018	2.28999999999996	2.35999999999967	2.43000000000029
"563"	0.0299999999999727	0.0100000000002183	0.0199999999999818	0.0299999999997453	0.0100000000002183	0.0100000000002183	0.0300000000006548
"564"	3.47000000000003	2.38999999999987	2.22999999999956	2.28999999999996	2.38999999999942	2.36999999999989	2.39000000000124
"565"	3.34999999999991	2.38999999999987	2.30999999999995	2.39000000000033	2.39000000000033	2.43000000000029	2.53999999999905
"566"	3.43000000000006	2.42000000000007	2.25	2.30000000000018	2.38999999999942	2.41000000000076	2.5
"567"	3.32999999999993	2.31999999999971	2.26999999999998	2.26999999999953	2.3100000000004	2.39000000000033	2.38999999999942
"568"	3.1099999999999	2.22000000000025	2.25	2.30000000000018	2.28999999999996	2.35999999999967	2.43000000000029
"569"	0.0299999999999727	0.0100000000002183	0.0199999999999818	0.0299999999997453	0.0100000000002183	0.0100000000002183	0.0300000000006548
"570"	3.47000000000003	2.38999999999987	2.22999999999956	2.28999999999996	2.38999999999942	2.36999999999989	2.39000000000124
"571"	3.34999999999991	2.38999999999987	2.30999999999995	2.39000000000033	2.39000000000033	2.43000000000029	2.53999999999905
"572"	3.43000000000006	2.42000000000007	2.25	2.30000000000018	2.38999999999942	2.41000000000076	2.5
"573"	3.32999999999993	2.31999999999971	2.26999999999998	2.26999999999953	2.3100000000004	2.39000000000033	2.38999999999942
"574"	3.1099999999999	2.22000000000025	2.25	2.30000000000018	2.28999999999996	2.35999999999967	2.43000000000029
"575"	0.0299999999999727	0.0100000000002183	0.0199999999999818	0.0299999999997453	0.0100000000002183	0.0100000000002183	0.0300000000006548
"576"	3.47000000000003	2.38999999999987	2.22999999999956	2.28999999999996	2.38999999999942	2.36999999999989	2.39000000000124
"577"	3.34999999999991	2.38999999999987	2.30999999999995	2.39000000000033	2.39000000000033	2.43000000000029	2.53999999999905
"578"	3.43000000000006	2.42000000000007	2.25	2.30000000000018	2.38999999999942	2.41000000000076	2.5
"579"	3.32999999999993	2.31999999999971	2.26999999999998	2.26999999999953	2.3100000000004	2.39000000000033	2.38999999999942
"580"	3.1099999999999	2.22000000000025	2.25	2.30000000000018	2.28999999999996	2.35999999999967	2.43000000000029
"581"	0.0299999999999727	0.0100000000002183	0.0199999999999818	0.0299999999997453	0.0100000000002183	0.0100000000002183	0.0300000000006548
"582"	3.47000000000003	2.38999999999987	2.22999999999956	2.28999999999996	2.38999999999942	2.36999999999989	2.39000000000124
"583"	3.34999999999991	2.38999999999987	2.30999999999995	2.39000000000033	2.39000000000033	2.43000000000029	2.53999999999905
"584"	3.43000000000006	2.42000000000007	2.25	2.30000000000018	2.38999999999942	2.41000000000076	2.5
"585"	3.32999999999993	2.31999999999971	2.26999999999998	2.26999999999953	2.3100000000004	2.39000000000033	2.38999999999942
"586"	3.1099999999999	2.22000000000025	2.25	2.30000000000018	2.28999999999996	2.35999999999967	2.43000000000029
"587"	0.0299999999999727	0.0100000000002183	0.0199999999999818	0.0299999999997453	0.0100000000002183	0.0100000000002183	0.0300000000006548
"588"	3.47000000000003	2.38999999999987	2.22999999999956	2.28999999999996	2.38999999999942	2.36999999999989	2.39000000000124
"589"	3.34999999999991	2.38999999999987	2.30999999999995	2.39000000000033	2.39000000000033	2.43000000000029	2.53999999999905
"590"	3.43000000000006	2.42000000000007	2.25	2.30000000000018	2.38999999999942	2.41000000000076	2.5
"591"	3.32999999999993	2.31999999999971	2.26999999999998	2.26999999999953	2.3100000000004	2.39000000000033	2.38999999999942
"592"	3.1099999999999	2.22000000000025	2.25	2.30000000000018	2.28999999999996	2.35999999999967	2.43000000000029
"593"	0.0299999999999727	0.0100000000002183	0.0199999999999818	0.0299999999997453	0.0100000000002183	0.0100000000002183	0.0300000000006548
"594"	3.47000000000003	2.38999999999987	2.22999999999956	2.28999999999996	2.38999999999942	2.36999999999989	2.39000000000124
"595"	3.34999999999991	2.38999999999987	2.30999999999995	2.39000000000033	2.39000000000033	2.43000000000029	2.53999999999905
"596"	3.43000000000006	2.42000000000007	2.25	2.30000000000018	2.38999999999942	2.41000000000076	2.5
"597"	3.32999999999993	2.31999999999971	2.26999999999998	2.26999999999953	2.3100000000004	2.39000000000033	2.38999999999942
"598"	3.1099999999999	2.22000000000025	2.25	2.30000000000018	2.28999999999996	2.35999999999967	2.43000000000029
"599"	0.0299999999999727	0.0100000000002183	0.0199999999999818	0.0299999999997453	0.0100000000002183	0.0100000000002183	0.0300000000006548
"600"	3.47000000000003	2.38999999999987	2.22999999999956	2.28999999999996	2.38999999999942	2.36999999999989	2.39000000000124
