1
5
30
150
0
21 19 32 25 27 15 30 26 35 44 33 31 8 22 34 12 28 31 45 52 17 25 29 38 10 15 30 26 14 35 15 27 29 62 54 37 15 20 63 52 18 22 32 47 58 37 15 20 50 48 38 22 12 46 62 17 21 34 42 48 16 26 30 45 28 23 22 27 14 53 11 18 42 33 53 34 15 22 24 69 18 34 20 65 49 14 29 28 14 19 12 30 30 48 63 20 32 20 68 52 35 26 10 55 17 21 39 12 15 44 37 25 10 68 21 26 18 28 38 26 42 21 9 62 55 16 21 34 35 10 30 10 32 34 10 16 30 26 34 18 10 30 31 10 47 21 30 21 36 66
21 18 31 27 38 17 39 37 27 51 23 31 5 21 32 19 29 38 48 46 18 28 30 24 18 7 34 23 19 30 17 26 39 78 52 23 5 37 75 42 13 30 21 54 57 36 6 30 46 40 34 26 7 42 66 15 34 39 54 51 18 31 24 48 35 35 22 39 15 59 11 6 42 27 47 24 9 27 23 63 6 31 34 65 56 13 30 35 14 13 10 34 28 47 68 31 22 30 69 48 23 21 9 45 6 24 23 12 13 55 31 25 15 72 25 37 5 25 33 30 57 29 6 71 55 7 27 27 28 10 36 9 38 34 13 15 24 26 24 7 16 22 29 19 40 22 29 25 31 76
2 1 2 2 1 1 3 3 1 2 3 2 2 1 1 2 1 1 2 3 2 2 2 3 3 1 1 3 1 2 3 1 1 1 2 1 1 1 3 3 3 2 3 3 1 1 2 2 3 3 3 3 3 2 3 1 2 3 2 2 3 1 2 2 3 3 1 3 2 2 3 1 2 3 3 3 2 3 1 2 3 3 1 3 2 2 2 2 3 3 1 1 2 1 2 2 2 1 1 3 3 1 2 3 2 1 2 3 2 2 1 1 1 3 1 3 1 2 3 3 2 2 1 3 2 3 1 2 3 1 1 3 1 2 3 3 1 2 1 3 2 1 2 3 3 2 2 1 3 3

1 2 3 4 5
6 7 8 9 10
11 12 13 14 15
16 17 18 19 20
21 22 23 24 25
26 27 28 29 30
31 32 33 34 35
36 37 38 39 40
41 42 43 44 45
46 47 48 49 50
51 52 53 54 55
56 57 58 59 60
61 62 63 64 65
66 67 68 69 70
71 72 73 74 75
76 77 78 79 80
81 82 83 84 85
86 87 88 89 90
91 92 93 94 95
96 97 98 99 100
101 102 103 104 105
106 107 108 109 110
111 112 113 114 115
116 117 118 119 120
121 122 123 124 125
126 127 128 129 130
131 132 133 134 135
136 137 138 139 140
141 142 143 144 145
146 147 148 149 150

1 2 3 4 5 6
7 8 9 10 11 12
13 14 15 16 17 18
19 29 21 22 23 24
25 26 27 28 29 30

1 2 3 4 5


